1595942785271044969    0.0232794279096 0.153745216928 0.0607185657964 -0.0113819252804 -0.00371249600985 0.1480687829 0.988904598372 0.025048205629 0.0337637476623 0.101965293288
1595942785295531034    0.0229709763549 0.151061774076 0.0628445705261 -0.00995592902758 -0.0060673781728 -0.180475210648 0.983510429401 0.0300893578678 0.0365535207093 0.104446798563
1595942785320712089    0.0250624713872 0.150239339791 0.0617004202682 -0.011118516755 -0.00351398328238 0.0904165754059 0.995835766278 0.0216710884124 0.0273659098893 0.0992856547236
1595942785345609903    0.0178335982308 0.145924400659 0.0624042226837 -0.0106442423899 -0.00473727347113 0.010154939091 0.999880560645 0.0167160797864 0.0308633912355 0.102539680898
1595942785370779991    0.0212385828036 0.147975859183 0.0635192163278 -0.0116681732155 -0.001105729826 0.346808729278 0.937862642604 0.0177970081568 0.034241836518 0.101687438786
1595942785395560026    0.0176537408449 0.14983986134 0.0652125350094 -0.0108745797312 -0.00361887616174 0.00984881486518 0.99988581753 0.0237723886967 0.0328936204314 0.107243523002
1595942785422075033    0.0273048397562 0.146605558601 0.064332876458 -0.0116247535583 -0.00235753330308 0.203142706713 0.979077294115 0.0320672392845 0.0317773222923 0.0995784848928
1595942785445848941    0.023484723272 0.14441384819 0.0676207435449 -0.011780256297 -0.00259419473884 0.235029818574 0.971913308941 0.0282315686345 0.0336596369743 0.102985478938
1595942785470729112    0.0249257153529 0.152070327432 0.0631159689941 -0.0113723395333 -0.00492330443437 0.0837500911731 0.996409731584 0.0255376081914 0.034947194159 0.102111749351
1595942785495527982    0.0260811583048 0.152347981732 0.0650377117094 -0.0110168437296 -0.00523275297878 0.0206351430219 0.999712677884 0.0199907552451 0.0324769839644 0.103303596377
1595942785523386001    0.0252155793142 0.148109838937 0.0661172236189 -0.0079265999893 -0.00893994433414 -0.379932581382 0.924937014079 0.0211967341602 0.0316234081984 0.101790994406
1595942785545835018    0.0218954107062 0.147064492239 0.0620367469381 -0.0115589606125 -0.00243493198297 0.213996979742 0.976762895588 0.0361326523125 0.0415772087872 0.103339314461
1595942785570732116    0.020716475652 0.142720267821 0.0656776765181 -0.0118255685764 -0.00324038111133 0.203382151906 0.97902265354 0.0280748605728 0.0360150672495 0.106760002673
1595942785595911979    0.022406863258 0.146382470596 0.0659271611492 -0.0107061077568 -0.00396886246715 0.0127299554484 0.99985377712 0.029489390552 0.0303711183369 0.101510450244
1595942785620883941    0.0179610632871 0.148806893682 0.0610775120276 -0.010876438293 -0.00526915242421 -0.0211558502265 0.999703140499 0.0257406141609 0.0377697981894 0.0997034162283
1595942785645735025    0.135843972669 0.547565374686 -0.0209547791519 -0.00869851571332 -0.00834239609491 -0.311749436843 0.95008790587 0.0473658777773 0.172171264887 0.0427729822695
1595942785670825958    0.137689385176 0.556013912223 -0.0220037094336 -0.00854337277152 -0.00851005941545 -0.327146858322 0.944896567229 0.0511235035956 0.163365289569 0.0440079793334
1595942785695858955    0.138794901787 0.553323585015 -0.0211372440239 -0.00837034130041 -0.00858251993894 -0.330599016538 0.943695166885 0.0532048642635 0.172274962068 0.0430047847331
1595942785720967054    0.140986135027 0.552272338849 -0.0201273273587 -0.00902747901956 -0.00729285660095 -0.336548939314 0.941594461704 0.0545234419405 0.172868192196 0.0442745573819
1595942785745683908    0.137574254961 0.553640801951 -0.0206905752457 -0.00864604291099 -0.00833717764401 -0.333434217533 0.942696854768 0.0519102364779 0.171110793948 0.0447325594723
1595942785770920038    0.139075762271 0.554842295019 -0.0192765125916 -0.00812457454597 -0.00933416907318 -0.346906509999 0.937818072921 0.0449201501906 0.170478001237 0.0426275916398
1595942785795538902    0.132821456486 0.552574246272 -0.0217635188668 -0.00902209239327 -0.00814285821594 -0.33487153104 0.942185413498 0.0490724332631 0.16302254796 0.0434109158814
1595942785820804119    0.137907382775 0.552079253034 -0.0227351541439 -0.0088219864467 -0.00822616836296 -0.328583477696 0.944397903902 0.0503175742924 0.167700156569 0.0424496158957
1595942785845640897    0.140384806141 0.55492605676 -0.0215459728087 -0.00834074944452 -0.0090978000055 -0.343545017999 0.939055100908 0.0488820597529 0.166213989258 0.0438417457044
1595942785870588064    0.137084155238 0.549303019712 -0.020407732211 -0.00856759424871 -0.00918806709221 -0.333099289645 0.942808060524 0.0414349138737 0.164715394378 0.0441330075264
1595942785895565986    0.137728002373 0.552184078313 -0.0186696296297 -0.00869064592142 -0.00789634430881 -0.336485124851 0.941615569739 0.0542012304068 0.168979823589 0.0451165661216
1595942785922570943    0.135600145695 0.549816990723 -0.0212679605938 -0.00915211949205 -0.00747832101578 -0.309827855433 0.950719208505 0.0447108410299 0.161750838161 0.0434345714748
1595942785945501089    0.138230648448 0.554086831301 -0.0227384594061 -0.00886925860962 -0.00839482372793 -0.326555504977 0.945099129909 0.0485236011446 0.163912504911 0.0441919006407
1595942785972681999    0.138745979809 0.55651792022 -0.020874908644 -0.00843813772155 -0.00909668750078 -0.348481338834 0.937233591263 0.0585002787411 0.159213975072 0.0462003313005
1595942785995585918    0.133132264736 0.550129010763 -0.0228061901106 -0.00846621885311 -0.00929102987215 -0.316235750365 0.948597359312 0.0486162267625 0.155927240849 0.0438682474196
1595942786023396968    0.140158893173 0.555806901894 -0.0191552139777 -0.00882092306506 -0.00770243126868 -0.341715118388 0.939730621898 0.0509344004095 0.158439472318 0.0454184822738
1595942786045891046    0.138835360572 0.553532888897 -0.0211615013673 -0.00840282237055 -0.00970622089217 -0.332110662166 0.94315305753 0.0564829111099 0.16874229908 0.0434620156884
1595942786070609092    0.137778749364 0.546669765708 -0.0187361919701 -0.00895207766311 -0.00862040743164 -0.311031140852 0.950318461518 0.0413099601865 0.163866087794 0.0429021939635
1595942786095504045    0.137717719292 0.554328187343 -0.0192338432633 -0.00863959314738 -0.00826581361458 -0.329174054443 0.944193558354 0.0461667105556 0.163220882416 0.0451582893729
1595942786120743989    0.132569755974 0.552919961778 -0.0195824959497 -0.00902596953624 -0.00856947419812 -0.300676760161 0.953644892968 0.0565726272762 0.168490454555 0.0446539856493
1595942786145787954    0.136023309351 0.551994858927 -0.0206931232544 -0.00836294548725 -0.00900730833897 -0.323972625611 0.945986610578 0.0438258089125 0.166570097208 0.0426763556898
1595942786170587062    0.134198037075 0.551176442215 -0.0206548733515 -0.00868274982456 -0.00855263083774 -0.29554459586 0.955251199538 0.0481760203838 0.164255365729 0.0435189791024
1595942786195751905    0.133943538197 0.551699280861 -0.0216758325884 -0.0087713634779 -0.00916708519676 -0.317102960034 0.94830624825 0.0491989068687 0.162291139364 0.0464768856764
1595942786220514059    0.136473837373 0.554397531715 -0.0236577961651 -0.00890643111721 -0.00886928149365 -0.319140998458 0.947623888699 0.0525331646204 0.161733463407 0.0429495945573
1595942786245811939    0.13665888373 0.554574369066 -0.0219039351128 -0.00815079537139 -0.00951500929547 -0.346782806176 0.937861777915 0.0480473376811 0.161363273859 0.0441415533423
1595942786272418975    0.134027069219 0.552853247127 -0.0207447999792 -0.00918544505298 -0.00812432817354 -0.320162193069 0.947283375248 0.0517016462982 0.157681837678 0.0446592345834
1595942786296308994    0.133542239454 0.550425026722 -0.0220183118172 -0.00918336238428 -0.00841452170485 -0.309969394295 0.950664944279 0.0477284938097 0.164673015475 0.0434951372445
1595942786323542118    0.141125183429 0.554500637953 -0.021290854822 -0.00881947247342 -0.00954965902977 -0.34771362445 0.93751066996 0.0478942617774 0.163641855121 0.0432007461786
1595942786345724105    0.135467333007 0.552595212356 -0.0217572084044 -0.00889299687274 -0.0102998901648 -0.316730846327 0.948417839275 0.050019223243 0.166805624962 0.0434245355427
1595942786370806932    0.135660771122 0.549273732425 -0.0224365234087 -0.00920330489591 -0.00899672018602 -0.318120351615 0.94796297401 0.0490316711366 0.162088677287 0.0436186715961
1595942786395493984    0.141088671772 0.551661983531 -0.0186931932513 -0.00930763435343 -0.00872756662691 -0.30780530453 0.951363806347 0.0400410108268 0.164137080312 0.0437501072884
1595942786420697927    0.138514946538 0.555474243125 -0.021705381205 -0.00938941502225 -0.00878287712734 -0.334572470898 0.942282315271 0.0484667755663 0.170745030046 0.0432475171983
1595942786445595979    0.140923832751 0.554766751762 -0.0197600821118 -0.00934643223248 -0.00973860296035 -0.34781492649 0.93746604244 0.0526222959161 0.166544049978 0.041899625212
1595942786470679998    0.13857419834 0.554202321082 -0.0213189451836 -0.010293428859 -0.00863251285359 -0.342923461969 0.93926728053 0.0544450879097 0.171124428511 0.0422766245902
1595942786495553970    0.140694801986 0.556972237765 -0.0222844244378 -0.00931939775795 -0.0103426506659 -0.359663608356 0.93297817082 0.0510648041964 0.16479614377 0.0418314598501
1595942786520586013    0.136423503061 0.55591934334 -0.0216543338029 -0.0103633305205 -0.00897652884294 -0.355690427276 0.934503260163 0.0477450601757 0.16720983386 0.0420636832714
1595942786545700073    0.147836367768 0.551972685766 -0.0218427334024 -0.0100597679436 -0.00957283795572 -0.351924719153 0.935925292901 0.0443605855107 0.166543796659 0.0408634878695
1595942786573177099    0.137860291531 0.552213023597 -0.0211034232024 -0.0102550428005 -0.00844732202095 -0.324089324509 0.94593318294 0.0494944825768 0.161212399602 0.0437247604132
1595942786595758914    0.138628077711 0.553598995359 -0.0199369977488 -0.00969896010396 -0.010092516264 -0.334553465667 0.942272810761 0.0445256531239 0.16435419023 0.0428937524557
1595942786620522022    0.136498335738 0.552871185501 -0.0202475345979 -0.0101150291835 -0.00955324356879 -0.315564117463 0.94880224994 0.046457208693 0.157941713929 0.0423402413726
1595942786645577907    0.136858644802 0.553464217903 -0.0215800425344 -0.0107455786351 -0.00891050512161 -0.319405029018 0.94751546841 0.0506902299821 0.159903496504 0.0433484464884
1595942786670614957    0.13906034522 0.557538208996 -0.0202254132139 -0.0113954285876 -0.00830559035247 -0.351172857618 0.936204457076 0.047851908952 0.164338812232 0.0432646274567
1595942786695734024    0.136416967499 0.554269262955 -0.0190846900142 -0.0121771056921 -0.0076300116201 -0.353945214339 0.935155755084 0.0529564544559 0.165619835258 0.0422878786922
1595942786720550060    0.137552563022 0.552537214667 -0.0202647447811 -0.0127574363266 -0.00682127779039 -0.322305996897 0.946524992989 0.0447320751846 0.157745495439 0.0421302132308
1595942786745603084    0.141255309741 0.553408536804 -0.0202712284909 -0.0131633307437 -0.00604138359326 -0.343384592558 0.939083196528 0.0485089085996 0.164407148957 0.0412746630609
1595942786770862102    0.138441314617 0.55841683139 -0.0221524497764 -0.0122727040944 -0.00759729333662 -0.368330379613 0.929582913635 0.0540041327477 0.16864772141 0.0399530641735
1595942786795641899    0.139056481948 0.554521000626 -0.0221317397908 -0.0127701677478 -0.00626273051748 -0.344828044596 0.938558107249 0.0504455044866 0.164638087153 0.0397524125874
1595942786822760105    0.131877364749 0.557146308977 -0.0210184757958 -0.0127624195211 -0.00667816134422 -0.334545350302 0.942269564085 0.0589681938291 0.161831498146 0.0420091785491
1595942786846012115    0.136858179047 0.555527762939 -0.0201162997641 -0.012180568464 -0.00790264764188 -0.338490811312 0.940857668603 0.0448211692274 0.162960827351 0.0420838594437
1595942786873063087    0.137434184121 0.549258470799 -0.0211975157626 -0.0128910352919 -0.00656170753656 -0.325312644203 0.945495874515 0.0449826084077 0.169054344296 0.0404931493104
1595942786895530939    0.142513031203 0.555529054728 -0.0218177449588 -0.0132067037154 -0.0060479044348 -0.34233986972 0.939463900014 0.0471060648561 0.166107624769 0.040065318346
1595942786920543909    0.136615186925 0.554511316909 -0.0225928830527 -0.0121799396184 -0.00765909853844 -0.324173710688 0.945888150142 0.0540037825704 0.16742220521 0.0390200391412
1595942786945683956    0.133684151275 0.547434592565 -0.0213455949468 -0.0138153059504 -0.0047717241247 -0.302102545774 0.953163375192 0.0446485839784 0.165299683809 0.0393713973463
1595942786970525026    0.138896590999 0.556443081514 -0.0206043406555 -0.012564844942 -0.00696328651829 -0.344517640515 0.938669927443 0.0506961792707 0.165874317288 0.0408175513148
1595942786995634078    0.140190622205 0.552076699745 -0.0220538498686 -0.0123048196217 -0.00669886463666 -0.332738934909 0.942914904868 0.0451489761472 0.160911589861 0.0411637574434
1595942787020698070    0.136970648279 0.552380923225 -0.0219836048951 -0.0116793510982 -0.00754398864472 -0.315477889254 0.948831061035 0.0482249781489 0.158059284091 0.0395533889532
1595942787045890092    0.137400592121 0.554423623041 -0.022121597481 -0.0114527661703 -0.00806434117502 -0.34326567915 0.939133895707 0.0528059303761 0.171132788062 0.0400279685855
1595942787070791959    0.139061944995 0.551698488483 -0.0219948198824 -0.0123968797054 -0.00624246858999 -0.347847048414 0.937448547852 0.0539852380753 0.176083654165 0.0372100919485
1595942787095733880    0.133340397164 0.552617180337 -0.0235452187737 -0.0118892691814 -0.00710205091947 -0.32838264463 0.944443245969 0.0568608939648 0.169196009636 0.0364136099815
1595942787120642900    0.145663237815 0.56106749186 -0.0228220557103 -0.0125470581939 -0.0060289849687 -0.360764569449 0.932553026965 0.0490834452212 0.157206997275 0.0389937981963
1595942787145637989    0.135739862174 0.554578293989 -0.0226086806528 -0.0126272634608 -0.0058470106015 -0.341302860701 0.939850372113 0.0518923476338 0.168831855059 0.0382740870118
1595942787170983076    0.138001749638 0.55326766384 -0.0222905641804 -0.013143481124 -0.00572263150704 -0.352044440411 0.935873502333 0.0487097203732 0.164246708155 0.0387626960874
1595942787195451974    0.134549722497 0.554004950862 -0.0219590950523 -0.0138076223328 -0.00412575075647 -0.329483917347 0.944051204096 0.0553329102695 0.167820349336 0.0383367314935
1595942787220628023    0.137765949418 0.549729100648 -0.0215437088058 -0.0136270642255 -0.00472265741115 -0.312113903949 0.94993521389 0.0429562665522 0.157966822386 0.0386314317584
1595942787245543003    0.136933512954 0.5536744829 -0.0237715740766 -0.0128529384871 -0.0059771250454 -0.330768827268 0.943605351223 0.0534548163414 0.166184201837 0.0382102765143
1595942787272227048    0.138785461905 0.553149776192 -0.0224131336589 -0.0130311759093 -0.00500457592661 -0.329088168907 0.944196017657 0.0439885742962 0.162886470556 0.0382326766849
1595942787295413970    0.141058110235 0.558046789411 -0.0222928425103 -0.012792362273 -0.00542617065927 -0.364675450169 0.931031002804 0.053256791085 0.163077831268 0.037721157074
1595942787322098970    0.135556483932 0.551153008354 -0.0231999211333 -0.0135701813567 -0.00406798766414 -0.305333839358 0.952139983509 0.0439343452454 0.166110053658 0.037198767066
1595942787346266984    0.140374865689 0.553880128222 -0.0240566066596 -0.0138422144766 -0.00403381049189 -0.336481040216 0.941579859092 0.0475896671414 0.162381097674 0.0372205711901
1595942787373162031    0.14031791798 0.554605377871 -0.0237971546377 -0.013727664705 -0.00442416327891 -0.345079583029 0.938462604145 0.0439950488508 0.16736471653 0.0378863364458
1595942787395750999    0.138844697626 0.553260617456 -0.0228847540411 -0.0140786571559 -0.00379036528151 -0.327163639899 0.944855214978 0.0486884824932 0.168365821242 0.0368721783161
1595942787420620918    0.135645717853 0.553742845798 -0.023587257578 -0.0136778217006 -0.00350135408354 -0.321986022523 0.94663913875 0.0526194646955 0.163509234786 0.0365635305643
1595942787445322990    0.140173474972 0.549081362415 -0.0223226786081 -0.0139201722975 -0.00361836547719 -0.340327336957 0.940197021881 0.0450106076896 0.169264763594 0.0376902669668
1595942787470571994    0.135627962313 0.558886905206 -0.0221687415276 -0.014276584792 -0.00303815531854 -0.353999567549 0.935131677848 0.0674610510468 0.165721923113 0.0368933975697
1595942787495827913    0.130067811404 0.548212160896 -0.0219448588159 -0.0144721626811 -0.00239495916087 -0.306420096824 0.951783349792 0.0466377399862 0.165079072118 0.0379547439516
1595942787520780086    0.134811483125 0.553575295651 -0.023047823589 -0.0143806291871 -0.00233912200154 -0.314822050728 0.949038883496 0.0419891513884 0.158473566175 0.0367962829769
1595942787545705080    0.133497161678 0.555484791395 -0.0225655415141 -0.0150642200998 -0.00173495873532 -0.326128699053 0.945203750969 0.049549292773 0.159658849239 0.0366067364812
1595942787570611953    0.13217120483 0.555144548652 -0.0230402803177 -0.0138708931297 -0.00355171409834 -0.298315729613 0.954359842573 0.0508339442313 0.154633939266 0.0383654050529
1595942787595442056    0.14069964508 0.553071506581 -0.0224429101834 -0.0149409522347 -0.00170271549604 -0.328885521623 0.944250063475 0.039485886693 0.159481674433 0.0379164330661
1595942787620624065    0.13950856075 0.552693441689 -0.0222215424586 -0.0147425475836 -0.00214830026835 -0.326722169948 0.945002997752 0.0470179617405 0.168527558446 0.0367107242346
1595942787645515918    0.137474896604 0.554781140638 -0.023004398057 -0.0141415658447 -0.003278201303 -0.334408618041 0.942316372399 0.0581735819578 0.165688365698 0.0360225737095
1595942787672249078    0.137897671264 0.553769325918 -0.0221186639169 -0.0150809169371 -0.0015243116368 -0.330184245809 0.943794790322 0.0586990043521 0.168753966689 0.0392232947052
1595942787697004079    0.138385204792 0.557537107833 -0.0232179791677 -0.0145671652916 -0.00248718621407 -0.34817894696 0.937311598399 0.0498448647559 0.160123452544 0.0388337485492
1595942787723865032    0.137108668017 0.548006017978 -0.0227546421624 -0.014797753341 -0.00183541703702 -0.324861258399 0.945644129962 0.0468802414834 0.165659561753 0.036305334419
1595942787745539903    0.134309046134 0.55133699788 -0.0221979461572 -0.0143260862125 -0.00175099284372 -0.321462279152 0.946812389209 0.0442359410226 0.162592679262 0.0372491776943
1595942787770522117    0.137952390261 0.555549890383 -0.0227726969082 -0.0141940522449 -0.00238007419681 -0.334974641355 0.942117218703 0.0486307702959 0.163806349039 0.0386420711875
1595942787795620918    0.137389993352 0.552146343678 -0.0216241844381 -0.0142834561231 -0.00238915573509 -0.336351591405 0.94162512805 0.0569683276117 0.165957435966 0.0388397164643
1595942787820533037    0.13554908169 0.550794179565 -0.0230588775404 -0.0143454794862 -0.00117132068533 -0.301760961196 0.953274964281 0.0454856194556 0.156216010451 0.0382798463106
1595942787845387935    0.137683200669 0.55105890614 -0.0217814093493 -0.014754333768 -0.00121580636097 -0.312936640601 0.94965861783 0.0516749732196 0.164762631059 0.0386821255088
1595942787870865106    0.13790836337 0.55504968412 -0.0231670367703 -0.0145147615506 -0.00219335177549 -0.323060780553 0.946264362096 0.0406530052423 0.148324936628 0.0376417860389
1595942787895699977    0.131186460691 0.551663713116 -0.0227394930576 -0.0140766612086 -0.00159291659548 -0.306206775002 0.951859612111 0.0516143329442 0.159323871136 0.0383560024202
1595942787920547008    0.141651619774 0.554563383087 -0.0221812223586 -0.0145998375246 -0.00185032062273 -0.340179582708 0.940245325735 0.0498767867684 0.165795713663 0.037927441299
1595942787945755004    0.136348559894 0.555558613756 -0.0234654631946 -0.0141541960201 -0.00229790336847 -0.327929175578 0.944593475618 0.0450917854905 0.149564445019 0.0384344272316
1595942787973387002    0.133977070207 0.55187726942 -0.0218058460455 -0.0142193394602 -0.00168963833088 -0.302819369593 0.952940388958 0.0452651679516 0.157940581441 0.0383732281625
1595942787995590925    0.136366690955 0.557146632287 -0.0230584665762 -0.0142006513368 -0.00205929001372 -0.312942805206 0.949663572796 0.0477925948799 0.159322619438 0.0377516038716
1595942788020600080    0.139160552501 0.553387146573 -0.0226284859698 -0.0143402383407 -0.00223896400616 -0.332357622275 0.943041757039 0.0456122457981 0.164528995752 0.0391760282218
1595942788045627117    0.137220936501 0.552302769136 -0.0215256933095 -0.0146874193087 -0.0016306412831 -0.337956888873 0.941045568496 0.0463786758482 0.157932266593 0.0378370210528
1595942788070748090    0.142867080774 0.555208028014 -0.0223614759403 -0.0138649767985 -0.00248764030703 -0.352074558541 0.935865951562 0.0469376631081 0.160744443536 0.0374075993896
1595942788096002101    0.140205694281 0.559504896379 -0.0213136224824 -0.0145562719722 -0.00200853812387 -0.342793641759 0.939295799996 0.045877892524 0.150275439024 0.0405498184264
1595942788120580911    0.139705245917 0.557791505278 -0.0209955025723 -0.013404796398 -0.00283687656831 -0.341770507458 0.939683555138 0.0419407002628 0.156001761556 0.0390912294388
1595942788145646095    0.139560278611 0.559714955045 -0.0210880216169 -0.0141689334342 -0.00172051667825 -0.338809536853 0.94074671346 0.0434556752443 0.150934174657 0.0418412387371
1595942788171119928    0.1397934213 0.557015459465 -0.0163516789675 -0.0143623594817 -0.00204191063664 -0.338433815888 0.940878369129 0.0344969816506 0.149324327707 0.0454245060682
1595942788195816993    0.139341540632 0.561541058938 -0.021730371432 -0.0143752713186 -0.00156850802619 -0.346942217209 0.937775020607 0.0425368100405 0.147533535957 0.040505848825
1595942788220900058    0.14296914269 0.566015617982 -0.0206419975266 -0.0146201807582 -0.00247297646114 -0.385225476823 0.922703347078 0.0484963096678 0.147027373314 0.0421228334308
1595942788245764970    0.139481172867 0.561845181482 -0.0206317989312 -0.0145101903999 -0.00240787510938 -0.350350270221 0.936503253955 0.0446009114385 0.155979424715 0.0428738221526
1595942788270564079    0.143242689903 0.564890575292 -0.0211951892596 -0.0143074358339 -0.00280190368611 -0.359372699997 0.933080226515 0.0402886345983 0.145842239261 0.0425275489688
1595942788295540094    0.142845367798 0.565483477218 -0.0205860429042 -0.0143454735988 -0.00272155986926 -0.378137624176 0.925634235366 0.0454730093479 0.14595323801 0.0425687097013
1595942788322933912    0.14225831898 0.565243646421 -0.0209316607707 -0.0138639304858 -0.00260403348229 -0.380657028351 0.924608694102 0.0477980710566 0.150733411312 0.0424485616386
1595942788345793962    0.139501110447 0.563348438994 -0.0195670794147 -0.0139948802868 -0.00265773439573 -0.365307011773 0.930778097574 0.0471319034696 0.141918420792 0.0437237881124
1595942788374120950    0.141463750525 0.562655195031 -0.0200877009535 -0.0147350510546 -0.00142504784205 -0.378285219134 0.925570710694 0.0430435501039 0.149121418595 0.0414820760489
1595942788395930051    0.140647565266 0.563333625095 -0.0200886078075 -0.0140352040492 -0.00297875130893 -0.36397934557 0.931296502778 0.0439399518073 0.144382312894 0.0432606898248
1595942788423708915    0.139374913742 0.562759606597 -0.020930264554 -0.0150104889393 -0.00156198116688 -0.358483251737 0.933414165128 0.0435949750245 0.139667138457 0.0420408025384
1595942788446588993    0.142075030835 0.559402157773 -0.0206524224712 -0.0142914604199 -0.00227190887824 -0.364933178642 0.930921246785 0.0399979203939 0.146879523993 0.0421007685363
1595942788471030950    0.139342539083 0.563812344268 -0.0201050217231 -0.0146839166875 -0.00215752364848 -0.357315213617 0.933865924959 0.0468066222966 0.152494475245 0.0428813025355
1595942788497754096    0.145232251737 0.565690129122 -0.0204371250735 -0.0135393231475 -0.00404074718822 -0.379848321223 0.924940869437 0.0484391637146 0.148784786463 0.0427212975919
1595942788520602941    0.138008144494 0.55758908373 -0.0199070999281 -0.0144553998395 -0.00153527870505 -0.313709231642 0.949407816651 0.0423907898366 0.140181899071 0.0415464490652
1595942788547245025    0.141567226731 0.56295497459 -0.0192306984996 -0.0141619710222 -0.00269241910064 -0.358165714919 0.933546736973 0.0401774570346 0.142805442214 0.0413085147738
1595942788570812940    0.14629061512 0.569844781153 -0.0203261625454 -0.0134914858857 -0.00348646725446 -0.392956312384 0.919451554413 0.040458727628 0.141046792269 0.0432229712605
1595942788596343040    0.145803186506 0.568242471869 -0.0213497313739 -0.0143640258751 -0.00293808662085 -0.391634448214 0.920004076828 0.0402533635497 0.14171846211 0.0428190417588
1595942788620434045    0.144450624836 0.570081218575 -0.020155318129 -0.0132821037584 -0.00392123504106 -0.405373104166 0.914046418982 0.0400122739375 0.130217134953 0.043071731925
1595942788645416975    0.149156061442 0.570594304048 -0.0191711444501 -0.0137272049162 -0.00432055437953 -0.414853241166 0.909774524236 0.0451228730381 0.136822074652 0.0421676822007
1595942788673734903    0.147147115455 0.569456239569 -0.0190511175626 -0.0135965233126 -0.00411097227714 -0.40502302077 0.91419614258 0.0394155457616 0.130091413856 0.0430058650672
1595942788695543050    0.144901008535 0.571801104271 -0.0212573813118 -0.013314907566 -0.00489439763259 -0.388198243067 0.921466701617 0.0370699614286 0.123712576926 0.0417726077139
1595942788720638990    0.146937093045 0.577912238582 -0.0216336141639 -0.0129407532414 -0.00477524870132 -0.411366692745 0.911365556736 0.0349795334041 0.118931509554 0.0412493385375
1595942788745618104    0.144159200751 0.573854230694 -0.0182064201613 -0.0132523332351 -0.00397436849348 -0.394878759543 0.91862905752 0.0347783640027 0.119568482041 0.041202802211
1595942788770582914    0.148883736145 0.582539882013 0.0834301648952 -0.0135999295118 -0.00348443606183 -0.333096797078 0.942788112143 0.00994594488293 0.0340629816055 0.118494048715
1595942788795916080    0.144491186309 0.583887669835 0.0802947784223 -0.0135254538095 -0.00379328874843 -0.379569743853 0.925056475363 0.014559914358 0.0378505885601 0.11236397922
1595942788823065996    0.14825938616 0.578626972786 -0.0219348978183 -0.0133317229627 -0.00453824338473 -0.414854317921 0.909778854674 0.0358480662107 0.114791810513 0.0408784039319
1595942788845478057    0.149144624446 0.576626933443 -0.0202740244271 -0.0130457666287 -0.0046387541717 -0.410948520898 0.911553401126 0.03124573268 0.116078294814 0.0421045161784
1595942788870620965    0.149749890511 0.578266036627 -0.0214405218976 -0.0130865249652 -0.00494524054556 -0.41508319834 0.909675890588 0.0334993861616 0.116534270346 0.0420626699924
1595942788895817041    0.147063008194 0.576691351882 -0.0219378986857 -0.0124569099754 -0.00575680839949 -0.402270421055 0.915418042697 0.0383266508579 0.120068706572 0.0412949472666
1595942788920413017    0.151318172403 0.575824259192 -0.0221551863025 -0.0124708056104 -0.00586225681069 -0.428255555483 0.903552595121 0.0348196588457 0.123547002673 0.0412770323455
1595942788945671081    0.152698479534 0.579123260464 -0.0215713240104 -0.0128546730519 -0.00499434018914 -0.428891452344 0.903250760339 0.0307094808668 0.114395521581 0.0414132997394
1595942788973455905    0.153045245723 0.579357558761 -0.0213952257582 -0.0121222481062 -0.00588190982926 -0.424810362954 0.905182086524 0.0283367875963 0.101943455637 0.0419053249061
1595942788995796918    0.155729846518 0.582186828209 -0.0223459531258 -0.0118810255459 -0.00623788325192 -0.429625362069 0.902907513709 0.0305991116911 0.109752550721 0.0383804105222
1595942789020428895    0.154586387271 0.581542276036 -0.0201798311059 -0.012247659983 -0.0051760253037 -0.421402442897 0.906776259453 0.0309291146696 0.102048560977 0.0417055301368
1595942789045629978    0.156954214603 0.585757802837 -0.0213172089743 -0.0123237727127 -0.00530353509174 -0.44727279004 0.894296957633 0.0325060226023 0.102096408606 0.0420177653432
1595942789071034908    0.154183009905 0.580695989656 -0.0217608236238 -0.012089803996 -0.00581533439559 -0.422182165357 0.906411737446 0.0297500938177 0.100925080478 0.040508903563
1595942789095849990    0.153323406488 0.584863504937 -0.0204532784061 -0.0123652259802 -0.00485699730011 -0.430093312896 0.902686685936 0.0335208959877 0.100045204163 0.0401650033891
1595942789125827074    0.155815196425 0.581526019521 -0.0204294587693 -0.0123095954362 -0.00539929027553 -0.430365601653 0.90255458031 0.0283774919808 0.1050709337 0.0431116260588
1595942789146931886    0.158001304362 0.587828103587 -0.0212311720819 -0.0120330820672 -0.00516510431382 -0.436777687189 0.899474167837 0.0328683145344 0.0963693633676 0.0414919890463
1595942789170883893    0.154837669258 0.579391350374 -0.0216544191359 -0.0121613432832 -0.004848429512 -0.412763709934 0.910744044297 0.0338280051947 0.103405103087 0.0418838746846
1595942789195641040    0.15898313352 0.585029584684 -0.0187215217136 -0.0116564736748 -0.00605026710581 -0.460650349775 0.887484521635 0.0380297154188 0.0947414189577 0.0481837838888
1595942789220447063    0.15624605984 0.586354156274 -0.0200807076086 -0.0120517342506 -0.00564276279513 -0.437036071458 0.899345532692 0.0351349078119 0.0996560975909 0.0452399812639
1595942789245733022    0.156014138943 0.587783437034 -0.0169466956869 -0.0116015365 -0.00601670562096 -0.430443764624 0.902522780378 0.0381735786796 0.0932220891118 0.0505119673908
1595942789272819042    0.156008383199 0.587418210843 -0.018476997246 -0.0122043935823 -0.00544970201125 -0.410152075022 0.911919200851 0.0375006124377 0.0949779227376 0.0478410311043
1595942789295919895    0.158037720544 0.583836362852 -0.0163095305302 -0.0124357851878 -0.00475226560392 -0.437003122635 0.899361461275 0.0333848930895 0.0967643484473 0.0502746999264
1595942789320461988    0.160229034205 0.586908149667 -0.0206132741986 -0.0121637297328 -0.00547078837634 -0.48838402449 0.872526881406 0.0337167829275 0.090087339282 0.0425934381783
1595942789345530033    0.167891766867 0.593092280367 -0.0268650029195 -0.0115231441612 -0.00641513674646 -0.419189038152 0.907803179914 0.0277131143957 0.0798646658659 0.0318389572203
1595942789371226072    0.165312164218 0.589408805328 -0.0232837244539 -0.0117901004687 -0.00530373796627 -0.471908107646 0.881552948967 0.0341267809272 0.0971115007997 0.0369281955063
1595942789395859003    0.165624788796 0.587338262474 -0.031677273316 -0.0119958366341 -0.00483536153136 -0.427430220762 0.903955820581 0.033332131803 0.0983041599393 0.0203607156873
1595942789422930955    0.168504361439 0.591211465562 -0.0287141897793 -0.0124861344865 -0.00419912504558 -0.421968698119 0.906514689127 0.0268153790385 0.0879557356238 0.0280137713999
1595942789445432901    0.169202233537 0.595203393033 -0.0311394843577 -0.0121899499264 -0.0052285467595 -0.48724065149 0.873167002901 0.0348294712603 0.0792300179601 0.0243945699185
1595942789470515966    0.166906812868 0.587934445255 -0.0297357010874 -0.0126070433104 -0.00450321550104 -0.447072899401 0.894397342421 0.0433435328305 0.0896876901388 0.0245051197708
1595942789495400905    0.171114214017 0.589853331972 -0.0298098889999 -0.0121676214421 -0.00513496229447 -0.477302458156 0.87863982643 0.0395248197019 0.0792674794793 0.0251545030624
1595942789520847082    0.167739189513 0.593516190538 -0.0289273624457 -0.0122573747675 -0.00521302566991 -0.474131205733 0.880353440884 0.0328537598252 0.0873122662306 0.0254153274
1595942789545624971    0.170006590965 0.593237550612 -0.0309903852546 -0.0125185863875 -0.00479067595422 -0.481863450645 0.876143794906 0.0314532369375 0.0754629299045 0.022521911189
1595942789573908090    0.169673512736 0.595534828666 -0.0282525805572 -0.0126647115965 -0.00412889808987 -0.380633594298 0.924629993118 0.0332714505494 0.0766226425767 0.025944089517
1595942789595710039    0.171376760122 0.588145808632 -0.0285877396251 -0.0121356167243 -0.00506550093617 -0.429806901293 0.902825063403 0.0422818027437 0.0853007361293 0.0244930200279
1595942789620517015    0.165937432773 0.587341604344 -0.0308292945299 -0.0121828387776 -0.00503430620856 -0.460297685424 0.887666758978 0.0352195724845 0.0868458300829 0.0249197781086
1595942789645792007    0.170981605086 0.589458019398 -0.0276136208651 -0.0122359921412 -0.00506377346885 -0.429857996142 0.902799391807 0.0319965519011 0.0900462791324 0.0293076205999
1595942789670392990    0.169227157713 0.600014625634 -0.0296398757129 -0.0126301631893 -0.00488855626003 -0.452188595135 0.891819519536 0.0333145298064 0.078853353858 0.0247805006802
1595942789695586919    0.165803000428 0.597168033249 -0.0287163168959 -0.0121740256552 -0.00508293572547 -0.393743524122 0.919125668272 0.0397458896041 0.0829818323255 0.0251949112862
1595942789723690986    0.163793426787 0.597890857608 -0.0273123530377 -0.012717954116 -0.00392341380933 -0.376061620627 0.926499065277 0.0339519120753 0.0798496082425 0.0301375314593
1595942789746867895    0.167729790578 0.600736480375 -0.0306242396317 -0.012836971587 -0.00352487268343 -0.396730304079 0.917838685859 0.0307638850063 0.0790202468634 0.0255128704011
1595942789770679950    0.171308750908 0.593922844954 -0.028115635954 -0.0124936904962 -0.00478935789735 -0.405606617833 0.913949802406 0.0327790416777 0.0844854712486 0.0263267271221
1595942789795624971    0.162422284257 0.594405423663 -0.0286133873829 -0.0117487728379 -0.00592676709232 -0.511686106354 0.859071689868 0.0340876318514 0.0823530107737 0.0262848194689
1595942789820422887    0.164636890843 0.598175249994 -0.0278454384535 -0.0126245092027 -0.00420024217564 -0.389753405919 0.920823143882 0.0303149521351 0.0806778222322 0.0242737848312
1595942789845910072    0.164873696567 0.596681975107 -0.0297386841711 -0.0119210109516 -0.00541864539633 -0.468966856687 0.883118686876 0.0404706075788 0.0845089182258 0.0266939532012
1595942789873157978    0.164794700152 0.597437004207 -0.0271516926125 -0.0118828634362 -0.00584934711446 -0.431058797221 0.902226632301 0.032669249922 0.0896819010377 0.0277320593596
1595942789895795106    0.165226440765 0.597648041151 -0.0287574166188 -0.0118345455574 -0.00589908815325 -0.453204965752 0.891308253809 0.0348291285336 0.083216406405 0.0283745676279
1595942789920465946    0.168334052419 0.597256266487 -0.0296674823764 -0.0127254352157 -0.00411511799115 -0.397595790252 0.917463196361 0.0227140933275 0.0835540890694 0.0264763664454
1595942789946140050    0.162939441029 0.601202074864 -0.0304039272199 -0.0122278227676 -0.0049355118088 -0.428669672139 0.903365060904 0.0369995236397 0.083281442523 0.0246650129557
1595942789970479011    0.166234063688 0.599467167309 -0.0264844565218 -0.0127786516275 -0.00452325438395 -0.451998868129 0.891915505775 0.0357895642519 0.0834231376648 0.0298407245427
1595942789995764970    0.167969877499 0.598131460843 -0.0291747722197 -0.0119151990793 -0.00538383867347 -0.439509137253 0.898142951085 0.0324607603252 0.0853275880218 0.0256578568369
1595942790023761987    0.166219338036 0.594807340529 -0.0303561480726 -0.0126619324487 -0.00426233032417 -0.378736390039 0.925408155825 0.0375627651811 0.0830054804683 0.0253431014717
1595942790046721935    0.162318481661 0.597230150679 -0.0314328250241 -0.0124062839856 -0.00432264291882 -0.439131594767 0.898326689659 0.0341367870569 0.0753188878298 0.023409627378
1595942790070468902    0.16789820927 0.596555825663 -0.0306798232355 -0.0124380934465 -0.00508205640274 -0.44661544847 0.894625121334 0.0330550409853 0.079633615911 0.023242790252
1595942790095587015    0.166947832483 0.597503361141 -0.0284242576627 -0.01206043847 -0.00560565033836 -0.456078730022 0.88984004997 0.0364429056644 0.0778611898422 0.0294785369188
1595942790120665073    0.16428297557 0.596203028766 -0.0281832323678 -0.0121673324766 -0.00512900206854 -0.455506345531 0.890134606977 0.0353556089103 0.0905004218221 0.0250539109111
1595942790145903110    0.165756849773 0.59759854614 -0.0279939975748 -0.0126737296369 -0.00396916150637 -0.376173254418 0.926454156985 0.03410333395 0.0832330361009 0.029158167541
1595942790173274040    0.164098357374 0.597962438141 -0.0287478666161 -0.0121106751054 -0.00544373356601 -0.476131774548 0.87927369492 0.0343965403736 0.0896324291825 0.0263633299619
1595942790195518016    0.167050645024 0.598979366659 -0.0289990801836 -0.0129506894392 -0.00382446589735 -0.42816994971 0.903597336909 0.0348883084953 0.0803243219852 0.0275655835867
1595942790222683906    0.165715414497 0.593826989451 -0.0290351622836 -0.0126587308046 -0.00451608717925 -0.412826464417 0.910710531271 0.0321590080857 0.0788353011012 0.0255400650203
1595942790245673894    0.15790917317 0.589725176654 -0.0317572720223 -0.0130004232611 -0.00376032167749 -0.374593948693 0.927090191178 0.0331996530294 0.0847334414721 0.0209012981504
1595942790270760059    0.159392506771 0.590763135357 -0.0301768199139 -0.0128287179549 -0.00412821867326 -0.387094498116 0.92194155527 0.0321551449597 0.0913988649845 0.0233049187809
1595942790297586917    0.15961208361 0.590919604357 -0.0224158421651 -0.0123737583585 -0.00492059020372 -0.417609367906 0.908529082492 0.0291372537613 0.0908791944385 0.0359308198094
1595942790323272943    0.156305310687 0.592860274199 -0.0221665025429 -0.0127677789134 -0.00421404076821 -0.375388955226 0.926769851676 0.0336137488484 0.0906767472625 0.0386874377728
1595942790348289966    0.163022150008 0.588388349475 -0.0295359366176 -0.0125707644363 -0.00407968428837 -0.400312659629 0.916283311317 0.0441225767136 0.089669495821 0.0262475125492
1595942790370780944    0.156946887764 0.587907269657 -0.0256028370443 -0.0126446037403 -0.00451671733049 -0.362488602973 0.931891477574 0.0449333526194 0.0928496196866 0.030921773985
1595942790395649909    0.157493100994 0.586360675713 -0.0258383917828 -0.0124188654921 -0.00439224898542 -0.404379577243 0.914496384595 0.0295518748462 0.101307876408 0.0334299728274
1595942790420588970    0.159040857011 0.583550246449 -0.0245968838116 -0.0124013853501 -0.00493376266166 -0.445554164362 0.895155489425 0.0287540517747 0.105057008564 0.032336819917
1595942790445756912    0.156547952722 0.588178552144 -0.0260205263102 -0.0127133955927 -0.00475476944326 -0.436975209476 0.899371129203 0.0365423634648 0.104849770665 0.0318825542927
1595942790473038911    0.157434137731 0.585396240243 -0.0258107565342 -0.0120424972649 -0.00598530627351 -0.441228165439 0.89729418832 0.0333901233971 0.104678124189 0.0308032277972
1595942790495409965    0.157447188805 0.588097163145 -0.0248706008158 -0.0117728576903 -0.00562212205894 -0.427457830851 0.903941145435 0.0368328951299 0.0998246371746 0.0297892764211
1595942790520459890    0.156174207182 0.588055278098 -0.028590322605 -0.0126133864385 -0.00454589511137 -0.431481739297 0.902022031867 0.0318714231253 0.100858516991 0.0286775901914
1595942790547694921    0.158132991502 0.58361562503 -0.0250435695382 -0.0124931602411 -0.00480946258988 -0.431129066624 0.902190954249 0.0301799923182 0.0957995727658 0.0348879955709
1595942790570748090    0.154571276759 0.586479308702 -0.0266545764776 -0.0122080758168 -0.00540725741127 -0.448013544195 0.893927060039 0.0385579168797 0.0946208387613 0.0301689971238
1595942790595837116    0.155950557109 0.58882165435 -0.0269687992598 -0.0121092578534 -0.00546606197962 -0.423909680019 0.905607018097 0.036688156426 0.0973755791783 0.0284966733307
1595942790620754003    0.153720602081 0.582656137693 -0.0277190251071 -0.0125563499494 -0.00478947990726 -0.42823359913 0.903568139951 0.0317750871181 0.0956142768264 0.0295514557511
1595942790645881891    0.14564975348 0.580737106943 -0.0045200668362 -0.0107774538392 -0.00746007012805 -0.574302630791 0.818538137236 0.0581311993301 0.102666646242 0.0761199966073
1595942790670566082    0.154126449931 0.579668409722 -0.000747655471813 -0.0114306023917 -0.00708987869059 -0.594132252425 0.804254898386 0.0574734136462 0.0895134955645 0.0813049972057
1595942790697552919    0.164177477767 0.575194286352 -0.00353636139014 -0.0105675972349 -0.00792357540757 -0.60051294906 0.799505935471 0.0618064552546 0.0952903553843 0.0767372921109
1595942790721134901    0.178649285495 0.567181003075 -0.00296818692466 -0.0104100610204 -0.00849069630445 -0.624967746357 0.780534979818 0.0544980280101 0.0976288989186 0.0753214880824
1595942790745788097    0.173969281961 0.564029329379 -0.0032790281598 -0.00993651308785 -0.00888489462689 -0.69086067297 0.722865032284 0.0514781326056 0.0998064652085 0.0785261392593
1595942790773056030    0.184929472679 0.566096615286 -0.00130830560157 -0.0118813094341 -0.0065396124563 -0.509058381928 0.860625140084 0.0465969629586 0.07713522017 0.0800673514605
1595942790795691013    0.17199104055 0.564519032298 -0.00144224549157 -0.0100793184956 0.0092394881655 0.697269401052 0.716678743618 0.0549855940044 0.0927764847875 0.0778087452054
1595942790823229074    0.177345463224 0.564542038075 -0.00236254034895 -0.00996504826168 -0.00891314451024 -0.663458007635 0.748094062116 0.0518743917346 0.0973163619637 0.0782562494278
1595942790845541954    0.172914454147 0.56759257368 -0.00231717639099 -0.00972258306746 -0.00927568784233 -0.698032012652 0.715940460029 0.0530771128833 0.0927222445607 0.0809539631009
1595942790870651960    0.17657311261 0.558472347308 0.000681994087982 -0.0101312049721 -0.00884723865138 -0.693560937561 0.720272386632 0.0554348640144 0.0944498255849 0.0821513980627
1595942790895646095    0.178809537863 0.563775358513 0.001934267422 -0.00948209260418 0.00945560320099 0.688002753275 0.725584518147 0.0620058588684 0.102621763945 0.0882755443454
1595942790924937963    0.183427700063 0.556566840348 0.0108457944327 -0.0100566011555 -0.00870293358265 -0.688448419221 0.725163359384 0.0673917457461 0.104003041983 0.104207456112
1595942790945461034    0.189252327258 0.566667137991 0.0668891381343 -0.0102158273025 -0.00871837876033 -0.666950521143 0.744980958879 0.0502983704209 0.106008112431 0.130819246173
1595942790971038103    0.188846925263 0.562196051076 0.0747057240981 -0.0108874975643 -0.00819551277587 -0.693746254941 0.7200905705 0.0543969757855 0.0958232209086 0.136481165886
1595942790995955944    0.194256996888 0.559496314017 0.0714240326124 -0.0116366495874 -0.00701640132197 -0.654457479004 0.755976697177 0.0564881488681 0.102918960154 0.132460951805
1595942791022526979    0.193236596022 0.566276394873 0.0722431177525 -0.0115079512138 -0.0068873957326 -0.587653269894 0.809001709035 0.0490430295467 0.090524867177 0.136399939656
1595942791046660900    0.188335387222 0.563582388174 0.071954130823 -0.0120813633982 -0.00667013660621 -0.654317926342 0.756093645789 0.0424559563398 0.0956283584237 0.138862445951
1595942791073492050    0.188617364294 0.563837910052 0.07894428756 -0.0110630222804 -0.00803408566646 -0.671489926752 0.740887536186 0.0483934096992 0.0978340357542 0.131405040622
1595942791095469951    0.195431227413 0.564687213895 0.0807909555707 -0.0124696220125 -0.00598976791868 -0.575736934931 0.817517958802 0.0394168458879 0.103164196014 0.13719175756
1595942791120544910    0.20771334417 0.562191722277 0.0980644698493 -0.0129379909335 -0.00510194725085 -0.528673451018 0.848711353002 0.0300578009337 0.0909295901656 0.137996792793
1595942791146291017    0.216869797545 0.564630480334 0.111385538165 -0.0134841452532 -0.0045309075601 -0.523817910745 0.851711479954 0.0298613701016 0.0777342617512 0.1422303617
1595942791170449018    0.21854147841 0.570004198656 0.111135907354 -0.014500318099 -0.00255927296665 -0.497740105356 0.867201232942 0.0367056615651 0.0687660649419 0.144086167216
1595942791195539951    0.225710395457 0.567111782673 0.113759767773 -0.0108289976146 0.011153519678 0.356008503241 0.934353400716 0.0328949093819 0.0490355193615 0.150098219514
1595942791223187923    0.230541998987 0.565162881233 0.125723450462 -0.015315055834 0.000572097784363 -0.359438210491 0.933043029344 0.0261353328824 0.046306129545 0.151251271367
1595942791245301008    0.227001505642 0.565413921524 0.121069236657 -0.0116272777486 0.00955285230893 0.321286351579 0.946862518908 0.0274289548397 0.0481485053897 0.150631383061
1595942791270452022    0.230480974166 0.568148633213 0.127489260045 -0.0105815873152 0.0112410762187 0.380020101602 0.924849388059 0.0300489924848 0.042963873595 0.152056112885
1595942791296489953    0.230153719365 0.565764514456 0.12046252056 -0.0157636063274 0.00131151288535 -0.377223168215 0.925987294735 0.0236852541566 0.0454740785062 0.150827527046
1595942791320354938    0.23571681163 0.570686407037 0.120747303912 -0.0111943329146 0.0108363739878 0.331906566269 0.943183593569 0.0232244301587 0.0472677275538 0.151266217232
1595942791345351934    0.234106251675 0.566967908155 0.116808568449 -0.0144645589529 -0.00183539625728 -0.443673794666 0.896069736004 0.0221310071647 0.0543513409793 0.150928422809
1595942791374953031    0.230959872783 0.568212108218 0.126105757957 -0.0154664404692 -0.000258862123102 -0.429325703141 0.903017255002 0.025232417509 0.0559288151562 0.151845067739
1595942791395629882    0.226475073641 0.568122866953 0.115404957979 -0.0116178592864 0.00998482836791 0.304026398462 0.95254043357 0.0299846064299 0.0501775294542 0.150259390473
1595942791420874118    0.232963561644 0.566731438266 0.126835491243 -0.0159488187934 0.00179289933774 -0.360229075472 0.932725808518 0.0217518676072 0.0483160912991 0.151832580566
1595942791445744037    0.233207559532 0.564583043156 0.131331425544 -0.011162599471 0.0105979375891 0.329263993311 0.944112441821 0.0207670796663 0.0466340221465 0.150556668639
1595942791470393896    0.235034379855 0.567033676554 0.117376563552 -0.0153057727306 -0.00100352497967 -0.452452717108 0.89165647255 0.0214574076235 0.0565081387758 0.150527924299
1595942791495599031    0.231541837211 0.570517555648 0.118699638976 -0.0150834474667 -0.00167511934126 -0.468944436877 0.883097275904 0.0274810772389 0.0577327311039 0.152801781893
1595942791522562980    0.23448390893 0.566381022268 0.124982410408 -0.0155664690844 -0.000536543370612 -0.453264902461 0.891239768726 0.0172951016575 0.0542810373008 0.151393324137
1595942791545681953    0.229498706944 0.567683266602 0.128738173818 -0.0116927071962 0.00995741577932 0.28707698298 0.957784389261 0.0261164195836 0.0462752617896 0.151237890124
1595942791570539951    0.228943685348 0.562806734735 0.124670610988 -0.0113205775535 0.0101330042888 0.31718138784 0.948243182921 0.0190567765385 0.0485573522747 0.152622938156
1595942791596430063    0.232027286131 0.570189574273 0.130879346695 -0.0116678284639 0.00979056737671 0.292951615538 0.956005940109 0.0288223922253 0.0463833846152 0.151489958167
1595942791623191118    0.233948073015 0.567788812755 0.127098271128 -0.0111774674942 0.010315541479 0.347747161511 0.937464967604 0.0225795824081 0.0509893372655 0.153826162219
1595942791645354986    0.230488297274 0.567486616533 0.116891619759 -0.0111060972044 0.0108959758768 0.339612461861 0.940436764521 0.0286316331476 0.0446896292269 0.151038751006
1595942791672763109    0.216444653062 0.572065324459 0.121186688263 -0.0151691340199 -0.000820351926772 -0.439767662076 0.897983088809 0.03095597215 0.075964063406 0.147342592478
1595942791695611000    0.215728388488 0.578336946312 0.118764458083 -0.0148309877315 -0.00184352902314 -0.452330615518 0.891725101962 0.0326543115079 0.0691386237741 0.14646807313
