1595944994390593051    0.192262753515 0.632696034333 -0.00105237101641 -0.0108744936214 0.000761864771082 0.0651462262421 0.997816182549 0.0359135195613 0.0693676695228 0.0834604948759
1595944994413106918    0.192963845336 0.628378628829 -0.00196490311069 -0.0105816690684 -0.000227507139786 -0.0580742244663 0.998256159997 0.0351910106838 0.0635929852724 0.0823991373181
1595944994440900087    0.195445835187 0.627463753051 0.00275371703963 -0.01096956662 0.00054905356419 -0.0658990375897 0.997765846275 0.033773869276 0.062095683068 0.0847852006555
1595944994449953079    0.195422111971 0.627331870172 -0.000315962591546 -0.00735835184623 0.000304656182963 -0.0656708178304 0.997814163824 0.0337837226689 0.0623349174857 0.0789700746536
1595944994463047981    0.194095385105 0.626300397772 -0.00141657024667 -0.0109491155077 -0.00114462734012 -0.114115025404 0.993406547026 0.0359738208354 0.0635102689266 0.0841363668442
1595944994487778902    0.190701077766 0.631286762682 -0.000304384562598 -0.0104821721247 0.000487549320038 0.00884403903968 0.999905830234 0.040561594069 0.0662964507937 0.0817636102438
1595944994512768030    0.19086172471 0.630139424319 -0.000651026156334 -0.0103546480275 -0.000240326751462 -0.0689135987569 0.997568864497 0.0401120148599 0.0628393441439 0.0822205170989
1595944994538345098    0.195785661175 0.630596833559 -0.00012711691264 -0.010800670972 -0.00168245020935 -0.0548309430659 0.998435817942 0.0327811613679 0.0672252103686 0.0817858502269
1595944994563110113    0.19049309761 0.63031804225 -0.00102632405151 -0.0108809677748 -0.000677958220624 -0.0578360799065 0.998266563987 0.0414964221418 0.0694129392505 0.0843715146184
1595944994588084936    0.189229067433 0.625742502788 -0.00133313146887 -0.010335848765 -0.00299560317996 -0.202801572855 0.979160721557 0.0408031456172 0.0679614171386 0.0827232599258
1595944994613050937    0.19203069089 0.62583593531 0.00197268268118 -0.0106949194085 -0.00213946084113 -0.154294722085 0.987964665432 0.045080319047 0.0683680325747 0.082169033587
1595944994638046026    0.191935261053 0.632529945293 -0.000527466439832 -0.0106089596796 0.000175752430928 0.0457762997938 0.998895364622 0.0402630232275 0.0705952420831 0.083547309041
1595944994663060903    0.193422175968 0.625380767707 0.000224998777197 -0.0109684922976 -0.000980551204757 -0.150919228214 0.988484758229 0.0381872951984 0.065593034029 0.0845038294792
1595944994688138961    0.193306037878 0.629116305059 0.00132734789483 -0.0104962834595 -0.000476797288737 -0.0111293460907 0.999882862316 0.0366684906185 0.0616074129939 0.0845824852586
1595944994713228940    0.189977791639 0.631291967305 -0.00152462172374 -0.0108458881218 0.000301401755481 -0.0103683924053 0.999887379812 0.04118604213 0.0705282092094 0.0833700448275
1595944994738001108    0.194559582669 0.628014241741 0.000408161757166 -0.0100912423881 -0.00170671735014 -0.111942131319 0.993662021604 0.0354157276452 0.0618273615837 0.0817789211869
1595944994763071060    0.191724906103 0.630897990295 1.67487990299e-06 -0.0108655868006 0.00102030955395 0.0542743102468 0.99846642269 0.0412420369685 0.0648910179734 0.0820962786674
1595944994790987968    0.19445172104 0.628515676596 0.00105416881769 -0.0108846575843 0.000412932946735 -0.0494226767438 0.998718555319 0.0327239632607 0.0614792741835 0.0840804129839
1595944994813070058    0.194880891513 0.625864893036 -0.00174726514716 -0.0113151659974 0.000640661296116 -0.153016543692 0.988158638037 0.0323874019086 0.0590795688331 0.0825140625238
1595944994837862014    0.196296127582 0.628176854833 -0.00154247842561 -0.0110671709089 -0.000124079461714 -0.0766835612449 0.996994049013 0.0321628302336 0.0616993531585 0.082288198173
1595944994862993955    0.191380763951 0.633286166513 0.00143387153442 -0.0112641589169 0.00166875690549 0.0250373968102 0.999621659797 0.0394205600023 0.068197645247 0.0850335508585
1595944994888123989    0.191362019147 0.630349892172 0.000788977158304 -0.0120254181677 0.000275425852818 -0.0277712993319 0.999541929282 0.0364616550505 0.0648291707039 0.0857339277864
1595944994913312911    0.192079609849 0.632476427668 0.0019145703183 -0.0122069924397 0.000602934193166 0.0562656629842 0.998341024387 0.037030890584 0.0699743553996 0.0884051695466
1595944994938080072    0.190630158005 0.627087857485 0.000424807725378 -0.0121830342283 -0.00372050788277 -0.119613130358 0.992738853145 0.046674426645 0.067705437541 0.0905889645219
1595944994947318077    0.191787335427 0.627451751428 -0.00550619739937 -0.00721127969751 0.0020674401639 -0.0930468917032 0.995633466232 0.0440216250718 0.0675382614136 0.0797152742743
1595944994963093042    0.193220463503 0.629132821235 0.00186241830576 -0.0125037719597 -0.00222087832603 -0.0587349020598 0.998192834409 0.0345379933715 0.0635080933571 0.0933324620128
1595944994988075017    0.191055203137 0.624844852956 0.00377745393035 -0.0123630916943 -0.00357178541888 -0.157876800401 0.98737496029 0.0375447161496 0.0687996596098 0.0908992215991
1595944995012949943    0.192634400281 0.630245627864 0.00750882958472 -0.0124816446403 -0.00269118235845 -0.0211347936966 0.999695096807 0.0399237945676 0.0665747225285 0.0923998504877
1595944995037776947    0.194167264833 0.626288340489 0.00177950130809 -0.0123541227919 -0.00423160914924 -0.0792970972813 0.996765488717 0.0368095636368 0.0646238699555 0.0926001816988
1595944995063174962    0.195441856137 0.626460662539 0.00691827936688 -0.0129587753528 -0.00422535955235 -0.0736499723821 0.997191003793 0.032223187387 0.0625865161419 0.0898790732026
1595944995088068962    0.193618387011 0.627201494892 0.00186071807196 -0.0135896549096 -0.00240018900344 -0.0960909742318 0.995276888631 0.0392206758261 0.0644881203771 0.0907707810402
1595944995113013029    0.193015692323 0.628336047853 0.0036418111119 -0.013299598475 -0.00349588792047 -0.0815081287584 0.996577806493 0.0407790727913 0.0633236318827 0.0890705138445
1595944995138037919    0.193757664265 0.626671079373 0.00109914460328 -0.0135367199892 -0.00348917448836 -0.0867180601429 0.996134810615 0.0334827713668 0.0635815188289 0.0892099365592
1595944995162933111    0.188838321375 0.624499494948 0.00132508385756 -0.0132245858546 -0.00446816229556 -0.216574707059 0.976166247172 0.0460628271103 0.0703072622418 0.0892665535212
1595944995187809944    0.188595877268 0.626752364049 0.0052693123206 -0.0133153783395 -0.00622422503669 -0.179852428201 0.983583785853 0.0443445853889 0.0713731497526 0.0893871635199
1595944995212997913    0.193041747482 0.629333657191 0.00221809860361 -0.0146270000346 -0.0031415677283 -0.0225071407948 0.99963473831 0.033189214766 0.0618374459445 0.0883747935295
1595944995237977027    0.192016418518 0.629586564786 0.00316369571585 -0.0146622100217 -0.00323940032848 -0.0650124361302 0.997771471346 0.0375053621829 0.0662967115641 0.0895980298519
1595944995263109922    0.195770713961 0.629648472675 -0.000229254461428 -0.0150697386724 -0.00165563005674 -0.0215503207811 0.9996528125 0.0325538925827 0.0619386173785 0.0867401361465
1595944995288131952    0.195121987161 0.626958811037 -0.00164094712498 -0.0145640682191 -0.00412507508595 -0.0939154464384 0.995465097627 0.0332161225379 0.0727544948459 0.0799205079675
1595944995313074111    0.191417255706 0.628711457801 0.00194899068223 -0.0145870156265 -0.00537314382894 -0.0824798788472 0.996471483729 0.0408881753683 0.0685882717371 0.0874068886042
1595944995337867021    0.190076360335 0.626905000788 0.0039983842219 -0.0146742343748 -0.0050841439162 -0.0921621521356 0.995622898511 0.0445515029132 0.0662232041359 0.087866730988
1595944995362806081    0.19224387383 0.625581910696 -0.00218325311716 -0.0145309502554 -0.0048109555673 -0.123499423027 0.992226586372 0.0348176285625 0.0714244395494 0.0823853909969
1595944995388066053    0.196011092356 0.628658997695 -0.00020870825779 -0.0143743152096 -0.00473180098033 -0.0467643837932 0.9987913103 0.0349094755948 0.0666206181049 0.0803099945188
1595944995413081884    0.19764459586 0.62822013844 0.000519514519063 -0.0147682998271 -0.00357242932958 -0.0494197059211 0.998662519441 0.0305203273892 0.0669128373265 0.0842319354415
1595944995438091993    0.195570243564 0.630018983108 0.0183642822983 -0.0145885991312 -0.00364710538787 -0.0313449986247 0.999395498518 0.0343922153115 0.0686446726322 0.124764434993
1595944995450129985    0.195398929304 0.629318813688 -0.00181027109013 -0.00721599822733 0.00290702753729 -0.030407623491 0.999507306123 0.0343188010156 0.068634532392 0.0838933065534
1595944995463030099    0.193794914709 0.631228712869 0.0212411307503 -0.0147969049381 -0.00318618478592 0.0232449304662 0.999615212488 0.0367928184569 0.0694509595633 0.128441661596
1595944995488204002    0.193810421507 0.629158456753 -0.00890775259891 -0.0146113194148 -0.00467103385267 -0.0292975670755 0.999453022083 0.034891884774 0.0659708231688 0.0666345432401
1595944995512984991    0.197031633142 0.627095067475 -0.00635078534854 -0.0144750781523 -0.00436721186064 -0.0481861483542 0.998723933167 0.0303850360215 0.0654703974724 0.0716017186642
1595944995538177013    0.195706161682 0.625904267628 -0.00320841093265 -0.0140072085968 -0.00632515275577 -0.0814945234496 0.996555283563 0.0292902123183 0.0628707259893 0.076887562871
1595944995563039064    0.197792508327 0.628402740739 4.7766601373e-05 -0.0153729264461 -0.00213620963135 -0.0444729507084 0.998890017167 0.0265073832124 0.0623909235001 0.0773718357086
1595944995587790966    0.202400844977 0.626649637068 -0.00798839915059 -0.015210856831 -0.00307299455766 -0.0472269074299 0.998763638582 0.0236131884158 0.0593574792147 0.0646938085556
1595944995612981081    0.201264201066 0.625981079838 0.00733039737325 -0.0151213899824 -0.00319073058028 -0.0562378907076 0.998297782454 0.0211959294975 0.0584094338119 0.101400963962
1595944995638250112    0.201251897497 0.630995879916 -0.00913361476206 -0.0149429747733 -0.00275434366103 0.0126998716944 0.999803897949 0.0257592853159 0.0618460141122 0.0679186657071
1595944995662849903    0.200249565883 0.628735576907 -0.00929403887946 -0.0148706016529 -0.00333004911878 -0.0400544265193 0.999081287431 0.0235862154514 0.0527852661908 0.0656762123108
1595944995687932968    0.202669488547 0.624917099267 -0.0155124003424 -0.014842387397 -0.00362973482189 -0.106369240433 0.994209290467 0.0189458336681 0.0506576150656 0.0499173775315
1595944995712840080    0.201065359826 0.623081578572 -0.0125990949464 -0.0149283838151 -0.00288126484114 -0.117430432851 0.992964719972 0.0238681901246 0.0591809228063 0.0592075958848
1595944995738207101    0.203305963779 0.625382982897 -0.0099440993748 -0.0146683606581 -0.00406830648857 -0.130869191946 0.991282776345 0.0220961868763 0.0618473291397 0.0649397447705
1595944995763314008    0.201368295293 0.627445406014 -0.00580408402335 -0.0143297066225 -0.00489282351747 -0.133267291324 0.990964453878 0.0246814116836 0.0616595186293 0.0665295645595
1595944995788012027    0.202961841641 0.627848856551 -0.00821813898055 -0.0145665083154 -0.00334785848267 -0.155030710188 0.987796582085 0.0207290686667 0.0617470107973 0.0665133669972
1595944995813040018    0.201107495243 0.628640656467 -0.0113873701816 -0.0142554403814 -0.00494042799931 -0.140917958294 0.989906310527 0.0227714609355 0.0601360425353 0.0604518614709
1595944995837688922    0.20686164946 0.634167226785 0.0082356453757 -0.0457198424707 0.00512442563599 -0.0837511980192 0.995424117197 0.0100939748809 0.0474436357617 0.0707629993558
1595944995862916946    0.201029903633 0.626391317828 -0.0138167711355 -0.0137950578796 -0.00448862590539 -0.137852954405 0.990346460375 0.0198298469186 0.0525982566178 0.0581563338637
1595944995887864112    0.200029064149 0.625079983496 -0.0125590241173 -0.0139128514328 -0.00597438339547 -0.177546265219 0.983995966971 0.0200174767524 0.0544214993715 0.0590869411826
1595944995913001060    0.202885912789 0.627418399035 -0.0144138989456 -0.0145681727094 -0.00381699292683 -0.0867919982631 0.996112618104 0.0188999827951 0.0591327250004 0.0531105175614
1595944995938091993    0.199875856169 0.632834524503 -0.0146314270547 -0.0144396193779 -0.00402226602641 -0.0725062893425 0.99725531173 0.0256073195487 0.0647967383265 0.0555361621082
1595944995946705102    0.199625839938 0.63313569594 -0.00740032253046 -0.00712800011831 0.00206400277447 -0.0617994161109 0.998061001981 0.0256811995059 0.0650426447392 0.0697561129928
1595944995963012933    0.202223683529 0.63011159584 -0.0137990182784 -0.0140074671627 -0.00433646609523 -0.115207692191 0.993233191947 0.0217625759542 0.0613786019385 0.0585493557155
1595944995988066911    0.202185735189 0.624021819802 -0.0148138070585 -0.0134988480726 -0.00573338836978 -0.198853692304 0.979919444861 0.0164523217827 0.0584050677717 0.0557919181883
1595944996012880086    0.201747961349 0.629990812844 -0.0162729095185 -0.0140612240076 -0.00515588432799 -0.140890029243 0.989911965023 0.0243244562298 0.0630655512214 0.055082436651
1595944996037856101    0.202784641068 0.629007747388 -0.0113999545365 -0.0135750399993 -0.00567643646943 -0.183412803974 0.982925856663 0.0226302929223 0.0655210614204 0.0564217567444
1595944996062655925    0.206393075039 0.632716117176 -0.0141858930724 -0.0137783086972 -0.00430449767328 -0.0748203697088 0.997092544243 0.0237605068833 0.0583392679691 0.0555422529578
1595944996087744951    0.204149264971 0.628852658623 -0.0125740888296 -0.013780755177 -0.00536312309444 -0.150499414987 0.988499496098 0.0250499472022 0.0636424124241 0.051213812083
1595944996113085985    0.202832659886 0.629734892583 -0.0189524100401 -0.0133449174752 -0.0054397786394 -0.189989365459 0.98168037721 0.0250471550971 0.0631923079491 0.0473386645317
1595944996137986898    0.204508912026 0.632145870466 -0.0167173909204 -0.0138752919924 -0.00373850879055 -0.147786328084 0.988914910928 0.0281675215811 0.0655167847872 0.0491611436009
1595944996162858963    0.207290697282 0.631487409132 -0.0129090424123 -0.0136806961754 -0.00442617769255 -0.138254333062 0.990292374449 0.0228334721178 0.0600141659379 0.0504242666066
1595944996187922954    0.206143024933 0.63031749247 -0.0153730167276 -0.0138461469775 -0.00424098388159 -0.145555916694 0.989244041369 0.023445205763 0.0605082064867 0.0509565584362
1595944996212845087    0.207730979456 0.632020566001 -0.0133632025149 -0.0137725452568 -0.005597412347 -0.160523414833 0.986920067312 0.0228271577507 0.0537761896849 0.0503578074276
1595944996237925052    0.202360716662 0.631248656558 -0.0192973742899 -0.0133885209023 -0.0048226486538 -0.209200335903 0.977769251422 0.0286080390215 0.066028855741 0.047756716609
1595944996262950897    0.204844460815 0.633914497668 -0.0195687905729 -0.0136892452015 -0.00603962472881 -0.141801235315 0.989782065488 0.0246799737215 0.0648786425591 0.0496860817075
1595944996287765979    0.209760946757 0.63456538437 -0.0157806374007 -0.0138760039248 -0.00226347259633 -0.111961222337 0.993613112786 0.0193768516183 0.0532443374395 0.0491368919611
1595944996312983989    0.208234236353 0.634624133561 -0.0192904170866 -0.0140564576485 -0.00450201089133 -0.114414115402 0.993323491161 0.0227276347578 0.0627593100071 0.048213455826
1595944996337650060    0.208334225642 0.632782568923 -0.0153173192624 -0.0138454676997 -0.00464352588397 -0.130739343754 0.991309217493 0.0195238571614 0.0573937445879 0.0494332127273
1595944996362981081    0.205072001194 0.631815166059 -0.0191336113898 -0.0137454959467 -0.00383625840248 -0.161639124512 0.986746744555 0.0261899083853 0.0614073202014 0.0447029434144
1595944996387795925    0.202248004675 0.629120552588 -0.0175358423967 -0.013015495566 -0.00524962139539 -0.233022625661 0.97237003979 0.0277630090714 0.0616229362786 0.0487273260951
1595944996412972927    0.20808262705 0.634661050476 -0.0185984353739 -0.0141657552242 -0.0037715012818 -0.0900608600482 0.995828373087 0.0234607327729 0.0613588280976 0.047238342464
1595944996437882900    0.210291530991 0.636813597694 -0.0183699963776 -0.0132608721832 -0.00628670116613 -0.232865473896 0.972398219725 0.0240658223629 0.0700429528952 0.0461272038519
1595944996446883916    0.210384484732 0.636987329647 -0.0102497098203 -0.00741519153429 0.000244326816815 -0.233057253478 0.972434713408 0.0236857961863 0.0702133029699 0.0621165148914
1595944996462960958    0.207483754325 0.632950601912 -0.0148101179062 -0.0130606177508 -0.00615054720715 -0.299066083961 0.954123193543 0.0284866839647 0.0789469182491 0.0550021119416
1595944996487960100    0.200396445337 0.628744615413 -0.0178710654173 -0.0122316221597 -0.00785372680087 -0.360338792291 0.932708240108 0.0416251569986 0.0689193606377 0.0516629852355
1595944996512765884    0.201292184664 0.5982746627 -0.0130295117095 -0.0125985356405 -0.00740846149443 -0.346468646375 0.937947689734 0.0216170102358 0.0493157580495 0.0583417713642
1595944996537959098    0.201959872516 0.598597775107 -0.0145530650954 -0.0130996175514 -0.00680927236211 -0.359982250495 0.932842330278 0.0264816954732 0.0449231788516 0.0531950965524
1595944996562793016    0.19922094632 0.601064742094 -0.0124011704635 -0.0132539724624 -0.00602003527408 -0.349465032016 0.936836315899 0.0269466713071 0.0454300679266 0.0608018226922
1595944996587985992    0.200381537642 0.596503526522 -0.0160073449086 -0.0136818520756 -0.00553650359738 -0.260014421917 0.965491923554 0.0294185653329 0.0474819429219 0.0517015829682
1595944996612844944    0.202169782657 0.596940520957 -0.00888512726933 -0.0133207193697 -0.00671739315734 -0.338460275842 0.940862411164 0.0324461124837 0.0467775464058 0.0685110315681
1595944996638041973    0.2125868842 0.601095116168 0.0554977024698 -0.0140185583842 -0.00382182981018 -0.211804005187 0.977204142963 0.0403716787696 0.050325602293 0.12484677881
1595944996662926912    0.214930752637 0.608960386066 0.0949508221443 -0.0137316830752 -0.00168297807561 -0.0216774272866 0.999669294122 0.0456876046956 0.0636040940881 0.147290423512
1595944996687858104    0.222910540044 0.600563438216 0.134867499432 -0.0133958900405 0.00269760956556 0.320130376949 0.947274941497 0.0400073342025 0.0397924184799 0.154902651906
1595944996712606906    0.233173026071 0.587497238092 0.138704922346 -0.0129971160553 0.00368778097218 0.293241027568 0.955943081463 0.020247682929 0.0331205278635 0.153163909912
1595944996737821102    0.233099936395 0.587527266382 0.140594822663 -0.0129950188186 0.00304938083709 0.293216004652 0.955953035132 0.0202504880726 0.0331166274846 0.156883761287
