1595942755714696884    0.00644214413581 0.701473411724 0.0145012329375 -0.00739131498605 -0.0011708837697 -0.0929450570678 0.99564311571 0.0441309697926 0.0677069053054 0.091164201498
1595942755774111986    0.146218790096 0.649843224655 -0.0152344768559 -0.0085088305347 -0.00303705633922 -0.380971612342 0.924542593222 0.0714683905244 0.124933809042 0.0529716797173
1595942755799292087    0.136738364024 0.652598296724 -0.0157443788274 -0.00820838228577 -0.00381179379959 -0.42599150106 0.904681896421 0.0622659958899 0.125787973404 0.0513795018196
1595942755824142932    0.13798638762 0.645016091639 -0.0159210405598 -0.00791745090181 -0.00435076907931 -0.454949453156 0.890471436854 0.0812970101833 0.128223389387 0.050659686327
1595942755849006891    0.144959672337 0.644264530712 -0.0158768975925 -0.00776842660514 -0.00484096706324 -0.416296670932 0.909182764001 0.0740012824535 0.129129439592 0.0514977313578
1595942755874073028    0.149119642324 0.650341243177 -0.0167204537992 -0.00888589537807 -0.00213429249793 -0.359514790135 0.933094636858 0.0847965478897 0.124051317573 0.0496638081968
1595942755898813962    0.143570691963 0.643483950025 -0.0141859816485 -0.00840070846674 -0.00370518975764 -0.429350680446 0.903091187459 0.0816476643085 0.133446216583 0.051697358489
1595942755924014091    0.148091172646 0.647901846614 -0.0172118729044 -0.00853953585245 -0.00306190239929 -0.374564400405 0.927156519165 0.080246835947 0.125675961375 0.0481691844761
1595942755948721885    0.138786363913 0.643379886236 -0.0162973443357 -0.00785958287598 -0.00430348585019 -0.445332746074 0.895320307064 0.0806312561035 0.131004691124 0.0497295111418
1595942755973972082    0.150797538602 0.650727298522 -0.0139813985711 -0.00838723151527 -0.00382622429726 -0.349886479924 0.936746745669 0.072030454874 0.120641127229 0.0512829460204
1595942755998769044    0.132222744526 0.651760204838 -0.0152491492152 -0.0082834227938 -0.00412670885887 -0.449931138565 0.89301529983 0.0706401988864 0.134778395295 0.0484212264419
1595942756024310111    0.0795018286531 0.634618461684 -0.0113819197472 -0.0076060443311 0.00534643879971 0.658095848816 0.752876761132 0.0243551712483 0.122391983867 0.0525195784867
1595942756049108982    0.151714923902 0.643820412347 -0.0121489172618 -0.00836318816356 -0.00483029227181 -0.372502082525 0.927981101033 0.0823971182108 0.120218269527 0.0557615235448
1595942756073916912    0.129123608544 0.654915952698 -0.015584593615 -0.00857293768443 -0.00663053800179 -0.488113599763 0.872712813262 0.0549883022904 0.132717117667 0.0546270832419
1595942756098807096    0.131978595538 0.656142393359 -0.0140647436851 -0.00861459415257 -0.00755702943196 -0.444497602493 0.895706738532 0.0562625601888 0.130911678076 0.0556641742587
1595942756124068021    0.139851684399 0.654429163468 -0.0129964587176 -0.00985562088389 -0.00566674768653 -0.413024065128 0.910649151064 0.0457782894373 0.123244300485 0.0534869134426
1595942756148782014    0.139355925736 0.659047405555 -0.0147011224516 -0.0100481611206 -0.00575029491511 -0.405279348652 0.914119586336 0.051270570606 0.120347194374 0.0540886595845
1595942756174026012    0.139825189901 0.655342545283 -0.012503195058 -0.0103173343387 -0.00527677121013 -0.383064937392 0.923648722209 0.0499739944935 0.120513141155 0.053549721837
1595942756199237108    0.140281033821 0.653812256745 -0.015667139257 -0.0100924812797 -0.00592739379162 -0.396939819514 0.917770007959 0.0444012209773 0.128949433565 0.0527023784816
1595942756219590902    0.140289100517 0.65369923335 -0.0185278597919 -0.00685953276421 -0.00260473703928 -0.397065652407 0.917760878352 0.0443403199315 0.128944724798 0.0466747879982
1595942756224229097    0.137252293987 0.656393211555 -0.0124416048034 -0.010843942788 -0.00489494906851 -0.398333556565 0.917163467487 0.0539843551815 0.126077726483 0.0538445301354
1595942756248778104    0.133446778953 0.654839481198 -0.0136010599022 -0.0106346005683 -0.00617006718181 -0.427640011044 0.903865507969 0.0526475571096 0.126743361354 0.0562956854701
1595942756274138927    0.139617055757 0.6568699342 -0.0147543829279 -0.0114014850027 -0.00610271484795 -0.410595618872 0.911725836408 0.0493099652231 0.125418514013 0.0523762814701
1595942756298774003    0.141048545007 0.656110248215 -0.0111760714083 -0.0110665993946 -0.00607344315644 -0.408697805481 0.912582460636 0.0454045385122 0.125368624926 0.0568827427924
1595942756323972940    0.132615501768 0.655368809445 -0.0132079497057 -0.0118032889744 -0.00515381928347 -0.425123506682 0.905043714183 0.0534895956516 0.124768681824 0.055062379688
1595942756348737955    0.137647675724 0.655123721179 -0.0141660595146 -0.0114313608498 -0.00595078388033 -0.415152500482 0.909660548504 0.0492744594812 0.124369613826 0.0557152666152
1595942756374212026    0.140770147384 0.658333951538 -0.0143724149865 -0.0120659076234 -0.00524516459601 -0.399443865386 0.916663242705 0.0507418215275 0.11961235106 0.0539538711309
1595942756399038076    0.142216016179 0.657662273608 -0.000886269722425 -0.0125699054758 -0.00520481273511 -0.385252936804 0.922710725029 0.0489049740136 0.117563121021 0.0775867626071
1595942756423985004    0.138515412684 0.656772500718 -0.00890868177621 -0.0133864399982 -0.00406475727789 -0.39902645242 0.916832684431 0.0500863045454 0.113004721701 0.0677619874477
1595942756448847055    0.146907432703 0.656589293366 -0.0133319842185 -0.0137312881418 -0.00412629339981 -0.348099898657 0.937347793502 0.0414711013436 0.11558881402 0.0535448230803
1595942756473974943    0.140886408573 0.659057696048 -0.0157380047482 -0.0136256404279 -0.00435981750295 -0.403528961196 0.914855022061 0.0500051639974 0.117187857628 0.0519843399525
1595942756498855113    0.137621401575 0.653969763535 -0.014096639512 -0.013085297196 -0.00555651553995 -0.42521235759 0.904981961746 0.0473555251956 0.132071614265 0.0531932935119
1595942756524064064    0.125359379315 0.374698909229 0.100692599087 -0.0142691165754 -0.00148431095226 -0.245822878003 0.969208595599 0.01086257305 0.0221547018737 0.126103118062
1595942756549237012    0.131642743202 0.655170822991 -0.0184803680359 -0.0132341841447 -0.00553158202831 -0.453227633638 0.89127940068 0.0522880256176 0.120133675635 0.046889167279
1595942756574168920    0.135195376508 0.655530981055 -0.0235449792806 -0.0127827358553 -0.00605410457705 -0.410971311605 0.911538551307 0.0539113730192 0.120806798339 0.0359092727304
1595942756599035978    0.143857532128 0.658140753385 -0.0240473949916 -0.0125100029669 -0.006926013883 -0.3964365233 0.91795076837 0.0491482838988 0.118639968336 0.0338933840394
1595942756623929023    0.137404422762 0.654893214833 -0.0221073683661 -0.0123746766179 -0.00696486786166 -0.387978518644 0.921559019849 0.0529379025102 0.12701536715 0.0343176312745
1595942756648840904    0.132629773755 0.655712783848 -0.0228950940919 -0.012526039733 -0.00689691994429 -0.452300305511 0.891751066418 0.0561937466264 0.132189899683 0.0374945215881
1595942756673979997    0.134784479632 0.655212669423 -0.022257072421 -0.0125887200105 -0.00683917533479 -0.417672980606 0.908484469367 0.0537973493338 0.129955172539 0.0386309660971
1595942756699250936    0.132179883642 0.654554166821 -0.0218473341004 -0.0121725696044 -0.00803834490459 -0.459366486454 0.888127043099 0.0541500560939 0.130665510893 0.0386067554355
1595942756719681024    0.138354965609 0.653862413317 -0.0162304441706 -0.00721613715558 -0.00216458148791 -0.448359245404 0.89382169867 0.0454489924014 0.122079499066 0.0477845743299
1595942756724076032    0.140067174482 0.660952495135 -0.0222157723975 -0.0131595911223 -0.00566874725069 -0.37402034152 0.927309805079 0.0545829348266 0.118653729558 0.0362868346274
1595942756749053955    0.140837665634 0.658273907203 -0.022987313073 -0.0128467463801 -0.00611281156815 -0.390331003453 0.920564664967 0.0499389320612 0.120596855879 0.0369268991053
1595942756774054050    0.144096237255 0.665274566716 -0.0218779707369 -0.0127611274456 -0.00661161084961 -0.328028056038 0.944558645442 0.0572122037411 0.106156520545 0.0383671298623
1595942756798815965    0.14454149079 0.661055838107 -0.0204855517333 -0.0126122996274 -0.00706360951203 -0.368289395875 0.929598814653 0.0484069027007 0.10194247961 0.0385754778981
1595942756823853015    0.144137205523 0.654376987335 -0.0213633814932 -0.0123310526158 -0.00684957795685 -0.387377859629 0.921813116793 0.0408238954842 0.117993369699 0.0375626944005
1595942756848824977    0.137717517651 0.657092021506 -0.0196480855499 -0.011667873903 -0.00795394770188 -0.427958366301 0.903688127701 0.0546256452799 0.119247630239 0.0365254729986
1595942756873914957    0.145454985882 0.655034229527 -0.0238481727225 -0.0127102889665 -0.005882844046 -0.356798027016 0.934076553939 0.0432340279222 0.108960524201 0.034875061363
1595942756899110078    0.144847782859 0.658632768345 -0.0187366253905 -0.0118057686154 -0.0075708105797 -0.409148725517 0.912359921885 0.0464929975569 0.112404704094 0.0364933907986
1595942756924093008    0.144689898836 0.656492831458 -0.0200250497526 -0.0121978429036 -0.00746210060493 -0.385863192598 0.922445188768 0.0453948453069 0.118530191481 0.0376419760287
1595942756948929071    0.142966378031 0.656970355195 -0.0229612065891 -0.0120265055125 -0.00606656280435 -0.35578087677 0.93447232581 0.0494013875723 0.121241204441 0.0357090495527
1595942756974092960    0.13560339966 0.64981707517 -0.0212749567273 -0.0116740672444 -0.00655359149147 -0.417268142914 0.908684798762 0.0488817282021 0.123642392457 0.0380591712892
1595942756999078035    0.142562342225 0.655245647736 -0.0203312542013 -0.011800908122 -0.00611158266082 -0.375724164731 0.926636249648 0.0480707958341 0.121961183846 0.0363903082907
1595942757024025917    0.150715271929 0.660897172485 -0.0174168727961 -0.0114739062271 -0.00559332720606 -0.311503128549 0.950159389298 0.0417031832039 0.10638936609 0.0430554822087
1595942757048713922    0.139709358533 0.660668608226 -0.0170089180036 -0.0113012390181 -0.00544471656747 -0.374280038686 0.927230871843 0.053741376847 0.11441989243 0.0431183837354
1595942757073898077    0.144224710468 0.660263946664 -0.0172860299082 -0.0108159969153 -0.00757909336057 -0.373939218838 0.927359171071 0.049182806164 0.113995343447 0.0470293201506
1595942757098910093    0.144109908049 0.660581821255 -0.0187072603578 -0.0112454209872 -0.00608408821476 -0.336139977619 0.941725246462 0.0486485548317 0.115770675242 0.0416527166963
1595942757124037027    0.145397441987 0.662044985121 -0.0141173287211 -0.0107606211678 -0.00555533674355 -0.346415377537 0.938003056217 0.037908628583 0.116330623627 0.0481421649456
1595942757148964881    0.143070699802 0.664154333588 -0.0144263664183 -0.0103629822315 -0.00639319494706 -0.395310723923 0.918466748015 0.049086868763 0.11288369447 0.0480569638312
1595942757173918008    0.137995388744 0.663886645406 -0.017956599506 -0.00948485994741 -0.00778916078688 -0.397726560317 0.917421903828 0.0513118132949 0.117930553854 0.0470780357718
1595942757198808908    0.143123453227 0.663159258438 -0.0156033440139 -0.00982308047175 -0.00675638556324 -0.364082266433 0.931290481865 0.042786989361 0.112787492573 0.0460081137717
1595942757220961093    0.141905630751 0.665909639237 -0.0174903160465 -0.00721616197836 -0.00215446453583 -0.35337597391 0.935451071063 0.0485009588301 0.113479308784 0.0485958904028
1595942757224163055    0.150908722866 0.66999965384 -0.0175028525056 -0.0107507200385 -0.00638617657493 -0.312603057842 0.949801540847 0.0437407009304 0.099802993238 0.0468097701669
1595942757249234914    0.140158785769 0.667148039766 -0.0156328801915 -0.010535647741 -0.00620739750945 -0.354322309924 0.935043404893 0.0527550391853 0.111240245402 0.0464524440467
1595942757274085998    0.139512057368 0.663467032095 -0.015813697991 -0.0107745503539 -0.00574624976038 -0.348556263458 0.937208312427 0.0489822737873 0.120736204088 0.0444176606834
1595942757298830032    0.143413317551 0.662207967239 -0.0163029676218 -0.0100349470418 -0.00665755985722 -0.358296601069 0.933530140058 0.0474819727242 0.115854762495 0.045972764492
1595942757324018955    0.1421022765 0.664777663778 -0.0140317960052 -0.0101013844113 -0.00751307545157 -0.358221740719 0.933551659099 0.0497314482927 0.119261704385 0.0468422695994
1595942757349033117    0.143705600986 0.662950357561 -0.0178912532639 -0.0104525792025 -0.00727865954098 -0.329938835138 0.94391637859 0.0441521555185 0.1164136976 0.0481016039848
1595942757374409914    0.137756914264 0.668150036157 -0.0062711479414 -0.00980155809638 -0.00811705891873 -0.44058615741 0.897620120492 0.0665541961789 0.107462316751 0.0705592855811
1595942757398914098    0.142403039413 0.646436221216 0.00170548033541 -0.009847364845 -0.00816192011901 -0.444902405018 0.89548772324 0.0825571641326 0.116363458335 0.0834135338664
1595942757424154996    0.143628239776 0.636807776831 0.00165228178387 -0.011670442672 -0.00603133093668 -0.209308539233 0.977761401989 0.0758178681135 0.0928987562656 0.0828886181116
1595942757449214935    0.151809669303 0.632542158114 -0.00417443539776 -0.0108384508429 -0.00748855996246 -0.337909918696 0.941086253379 0.0585622042418 0.0914741531014 0.0726371482015
1595942757473726034    0.151930257082 0.631777696653 0.000352509159283 -0.0113875382447 -0.00627122450901 -0.268924069032 0.963073642465 0.0619012229145 0.089686870575 0.0831871926785
1595942757499068975    0.153948076119 0.63128876851 0.00300748698556 -0.0108641409103 -0.00710434205 -0.355260324646 0.934677270773 0.0563488267362 0.0919006615877 0.0869660526514
1595942757524147987    0.151984335175 0.63402641518 0.00704787035661 -0.0116811481357 -0.00582871045713 -0.226711280333 0.973874515676 0.0722082108259 0.0649695396423 0.0963576957583
1595942757548917055    0.151941465646 0.635610741392 0.026642114339 -0.0130075518686 0.00145553840611 0.223064422973 0.974715829463 0.065076738596 0.0808419436216 0.106538720429
1595942757574095964    0.155556877158 0.64020428504 0.074734930554 -0.0125416268583 0.0040583847958 0.360014487483 0.932853582247 0.0578288026154 0.0823466330767 0.132447749376
1595942757598706007    0.180030828286 0.642116423827 0.0999437144376 -0.0125239359986 -0.00353909523455 -0.195679176798 0.980581605783 0.0290351845324 0.0762298330665 0.140931814909
1595942757623821973    0.179965016303 0.642081901469 0.100641605513 -0.0117628224317 -0.00432062409764 -0.195548879646 0.980613891338 0.0290553774685 0.0761742517352 0.141996413469
