1595942793367161035    0.0103507440831 0.706186361656 0.0183695949294 -0.0073415750177 0.00113353046905 0.0444320760154 0.998984788175 0.0333416238427 0.0707906335592 0.093966126442
1595942793586268901    0.156121133454 0.767858268766 0.00685456062196 -0.0103131260343 -0.00205945933648 -0.19095138837 0.981543155107 0.0486335009336 0.0711470991373 0.0904516875744
1595942793611113071    0.152609116014 0.771478151047 0.00542595981826 -0.0103124353233 -0.00370798420942 -0.171642042827 0.985098428415 0.0552192851901 0.0676031187177 0.091836206615
1595942793636065006    0.153638899879 0.767806901641 0.00175963939214 -0.0103294236849 -0.00237491592148 -0.212137691062 0.977182307869 0.0547408089042 0.0672417208552 0.0902659147978
1595942793661007881    0.157085567702 0.767807261305 0.00652664596214 -0.0104338557613 -0.00161048196401 -0.151235801093 0.988441335371 0.0440761223435 0.067378282547 0.0938764885068
1595942793689012050    0.154676818275 0.769072228552 0.00822583102345 -0.0102949593886 -0.00316979615783 -0.144038766661 0.989513415726 0.0544528141618 0.0685128644109 0.0935916826129
1595942793711147069    0.153915556411 0.76609681336 0.00570573491133 -0.00932118668003 -0.00515750483141 -0.285365737963 0.958359489555 0.051894068718 0.0684237778187 0.0914755985141
1595942793736255884    0.15408960405 0.769961143867 0.00293794097943 -0.0103857346943 -0.00256488920568 -0.141456401628 0.989886682553 0.0512173995376 0.0693494603038 0.0933221131563
1595942793760860919    0.156912754763 0.767952000767 0.00823065237367 -0.0103394822709 -0.00229329052914 -0.151006317365 0.988476063464 0.0514841489494 0.0652136132121 0.092705257237
1595942793785774946    0.156150402821 0.771504832193 0.00776183716241 -0.0105491068296 -0.00156541528898 -0.0440651630311 0.998971734949 0.0466532222927 0.0684434697032 0.0925347656012
1595942793810836076    0.15859096586 0.766140287143 0.00348242515108 -0.0107813082962 -0.00272565796536 -0.200831720823 0.979562634083 0.0464287735522 0.0667163804173 0.0967307835817
1595942793835802078    0.158428013497 0.769179087386 0.0090011726271 -0.0108234073037 -0.00092633490298 -0.122635624746 0.992392311186 0.0463035032153 0.0651633068919 0.0984626635909
1595942793860827922    0.150468151558 0.771234711337 0.00364596216695 -0.0109686752959 0.00185107797548 0.0826894383144 0.996513280626 0.0557811893523 0.0627214312553 0.0982620343566
1595942793874738931    0.151493737842 0.771122722259 -0.00516457997286 -0.00738816716175 0.000140953482967 0.0729845367293 0.997305696623 0.0539767406881 0.063264220953 0.0810793116689
1595942793885829925    0.153405069145 0.769240265609 0.00336001189286 -0.0110257157157 -0.00224156298545 -0.20434865701 0.978833507481 0.0530154071748 0.0671555995941 0.0970928370953
1595942793911528110    0.15756295475 0.768354673995 0.00981936387628 -0.0112932420861 -0.000281370726586 -0.106765576859 0.994220043608 0.046305950731 0.0626183226705 0.101117528975
1595942793936160087    0.158989047737 0.766850467199 -0.0138039400443 -0.0113066898906 -0.000285342294656 -0.125425622676 0.99203855294 0.0400422029197 0.0679561942816 0.0607078075409
1595942793962769985    0.158770747121 0.766029607368 0.00455232619691 -0.0117082385621 0.000190072083613 -0.160893573042 0.986902294645 0.0417710542679 0.0656488835812 0.0888262242079
1595942793988704919    0.15868229194 0.767090412225 -0.0094415005305 -0.0116270989112 -0.000110108448975 -0.184093693664 0.982839921045 0.0406453087926 0.0682759433985 0.0627557039261
1595942794010721921    0.155864109548 0.768858920656 -0.00955208311615 -0.0115526728864 0.000561415351501 -0.162048165035 0.986715061591 0.0476195849478 0.0681115463376 0.0634954497218
1595942794035739898    0.154050888376 0.768590885459 0.000647105514006 -0.0117263633944 0.000227821371694 -0.175489671831 0.984411405653 0.0530078411102 0.0690948218107 0.0911553129554
1595942794060822010    0.153539194049 0.767200894951 0.00783762538917 -0.0114770479866 -0.00106675463598 -0.234016373135 0.972164325877 0.0521658137441 0.0704234838486 0.0917045325041
1595942794085745096    0.154916108391 0.768381758232 0.00624042757503 -0.0113018136433 -0.0003998586763 -0.149358299167 0.988718467306 0.0489141345024 0.0677563771605 0.0941390991211
1595942794110826969    0.154431431536 0.770886390615 0.00358611471645 -0.0112175582449 0.000747782448336 -0.129450583008 0.991522139827 0.050396759063 0.0688362047076 0.0951316356659
1595942794135802984    0.155307428525 0.76703006343 0.00153327349683 -0.011211060878 -0.000394653209452 -0.244091046108 0.969687432925 0.0499984361231 0.0662275031209 0.0929343029857
1595942794160864114    0.158401514356 0.769451935754 0.00606549205704 -0.0113738239799 0.000812377828652 -0.110247291996 0.993838775042 0.0445317700505 0.0678233578801 0.0958747416735
1595942794186492919    0.155744736935 0.768800745213 0.00939866194808 -0.0112546563183 0.000689514122753 -0.177436616832 0.984067631969 0.050362020731 0.0694966241717 0.0971327871084
1595942794210769891    0.159856942925 0.765424183999 0.00911987290875 -0.011585743919 0.000199267268394 -0.226216645553 0.974008090369 0.0352438762784 0.0664061754942 0.0990151390433
1595942794237019062    0.155718815633 0.770839940646 0.0108957512574 -0.0115267519647 0.000801920768442 -0.164443723154 0.986318788642 0.0526462011039 0.0647215917706 0.0983876809478
1595942794261090993    0.159475227865 0.766754047251 0.00990874600663 -0.0113961498808 -0.000519037384577 -0.160021599868 0.987047590516 0.042791325599 0.0678002089262 0.100629478693
1595942794286055088    0.152819559401 0.769273618141 0.00100010852742 -0.0115767857459 0.00138118382924 -0.0755716971633 0.997072208494 0.0563531182706 0.06844548136 0.0928946062922
1595942794311245918    0.153569676745 0.768991688027 0.00606355229189 -0.0114748224583 0.00152548963543 -0.0969338465829 0.99522350792 0.0556523874402 0.0705331712961 0.0927549079061
1595942794335834026    0.155123055303 0.770826185664 0.000669420985915 -0.0112798256437 0.000332457911048 -0.0780374099354 0.99688656208 0.0509602054954 0.0695766210556 0.0923342555761
1595942794361025094    0.155642089918 0.765799747809 0.00430121614917 -0.0103918509259 -0.00342803807263 -0.276524401426 0.960944594347 0.0488779097795 0.0675663352013 0.0930974707007
1595942794370546102    0.155621372889 0.765696219793 -0.00127771363412 -0.00703997943321 -0.00273965140306 -0.276326480794 0.961034135196 0.0489730499685 0.0674493983388 0.0816870778799
1595942794385706901    0.154442148481 0.767937622421 0.00542408204298 -0.0105731298942 -0.00179978727701 -0.144381658079 0.989463949066 0.0509256906807 0.064224973321 0.102224960923
1595942794410715103    0.156564188014 0.767104750493 0.0126450816357 -0.0105900161636 -0.00147245228736 -0.194341606973 0.980875641068 0.0470524691045 0.0664271712303 0.103545740247
1595942794435806989    0.155220497208 0.769006765361 0.00658478975244 -0.00984732525049 -0.00112355315415 -0.135013475754 0.990794191131 0.0485815219581 0.0693501606584 0.0973121374846
1595942794461035013    0.159302704846 0.765881370859 0.0101986602898 -0.00948924918699 -0.00272301482604 -0.203532617188 0.979018392616 0.0400346517563 0.0656596496701 0.0959465578198
1595942794486622095    0.155778642815 0.767009353218 0.0354416628698 -0.00955913573131 -0.00298606475773 -0.221745441743 0.975053160298 0.0464914180338 0.0694786310196 0.15003465116
1595942794510921001    0.159135684758 0.765785900927 0.036694122099 -0.00984708329411 -0.00193843261782 -0.165257504348 0.98619938891 0.0441787280142 0.0645932853222 0.150649145246
1595942794537345886    0.158251915624 0.76690675998 0.0347987071537 -0.00952968300018 -0.00185044016896 -0.222428282335 0.974900723269 0.0444207526743 0.067404717207 0.15196301043
1595942794561114072    0.163928365899 0.768125857315 0.0106457213267 -0.00967182482513 -0.00236314373167 -0.110947418992 0.993776404215 0.0342762507498 0.0621870681643 0.0983910784125
1595942794586066007    0.154899754623 0.7698379454 0.0326508634946 -0.00852851931082 -0.0043190654553 -0.169253936161 0.985526110829 0.0487315170467 0.0692273005843 0.148665517569
1595942794610790967    0.159084359199 0.768834307196 0.00138689694474 -0.0088551854383 -0.00185897698889 -0.112125144786 0.993652898049 0.0397586002946 0.0706504434347 0.0886886119843
1595942794636193037    0.153122982447 0.765647011118 0.0291806413999 -0.0083176060375 -0.00463059250828 -0.246824758213 0.969013371309 0.0506249181926 0.0727622881532 0.143715366721
1595942794660969018    0.153461872337 0.766938610942 0.0332231465655 -0.00810408507286 -0.00456615344182 -0.303653468484 0.952737133277 0.0508465766907 0.0682980194688 0.148031905293
1595942794685931921    0.155657053594 0.765188906956 0.0338935080393 -0.00838840497683 -0.00424495875287 -0.200748610748 0.979597677759 0.0487345531583 0.0727723687887 0.149230435491
1595942794712554931    0.158281408093 0.769910840393 0.0317061423855 -0.00868495365349 -0.00366526589366 -0.0846982624295 0.996362053546 0.048602130264 0.0709203928709 0.149931609631
1595942794735893964    0.156024144593 0.770089746921 0.0354377726014 -0.00847865397591 -0.00385269114095 -0.111241310299 0.993749787462 0.0487517006695 0.0707566738129 0.151825234294
1595942794760941982    0.156863961286 0.772201205241 0.0310740673803 -0.00836584762528 -0.00456660978055 -0.192399630289 0.981270370965 0.049513142556 0.077103883028 0.150240048766
1595942794788403987    0.233638966446 0.786657086931 0.121016219422 -0.0092599112283 -0.0030595355212 0.119145314624 0.992828931533 0.0178032126278 0.0382496789098 0.146767675877
1595942794813257932    0.158296531122 0.769736710466 0.0300931902593 -0.00826150690998 -0.00452222498666 -0.125567496569 0.992040372561 0.0469562113285 0.069642804563 0.147188231349
1595942794836986064    0.158963514772 0.768033809635 0.0326821509206 -0.0083419661894 -0.00427016659849 -0.114920412824 0.993330496861 0.0443654805422 0.0691538378596 0.142866030335
1595942794861601114    0.228385459529 0.785961283794 0.121430822613 -0.00871741225753 -0.00226720510834 0.0879235895427 0.996086496699 0.0169236212969 0.0595872662961 0.145324096084
1595942794871855974    0.228749565999 0.785812604419 0.119139264194 -0.00743607285946 0.00110571084819 0.086570921161 0.9962173246 0.0169752240181 0.0595157891512 0.141247943044
1595942794885971069    0.22674874943 0.790110941483 0.120155430258 -0.00916068864644 -0.00300058849142 0.12843246266 0.991671407669 0.0187773257494 0.0454217456281 0.141814827919
1595942794911253929    0.226325591398 0.788662355117 0.118447593406 -0.00896309252979 -0.00376877196603 0.0303060943948 0.99949337165 0.0142981559038 0.0450646802783 0.143580272794
1595942794936197996    0.157459923898 0.769640501413 0.0275913591324 -0.00849925245753 -0.00473399270101 -0.0669828997111 0.997706691953 0.0443462133408 0.0717884078622 0.138120368123
1595942794961385011    0.162486275946 0.766582496865 0.0274007325144 -0.00783036674153 -0.00551358228959 -0.152736266974 0.988220581914 0.0342803783715 0.0712915658951 0.13928604126
1595942794986314058    0.161486586099 0.764732690725 0.0316725180716 -0.00794742862153 -0.00503227648762 -0.21439968263 0.976700717037 0.0373523794115 0.0686331018806 0.138993829489
1595942795010962009    0.162009079415 0.76781648685 0.0225533389824 -0.00825755332416 -0.00449845304375 -0.0907337472204 0.995830790772 0.0371243990958 0.0710154771805 0.131977885962
1595942795036432027    0.162316523349 0.772708992157 0.0249033031019 -0.00800460292995 -0.00599617537843 -0.127750536447 0.991755903764 0.0400725379586 0.0825388580561 0.13677020371
1595942795061450958    0.164822314409 0.766903171417 0.0250180967003 -0.00781895468298 -0.00495971873663 -0.134005756988 0.990937294803 0.0345331467688 0.0697178766131 0.133131816983
1595942795085964918    0.160752324274 0.763929993128 0.02698147342 -0.00702268198163 -0.00545873232125 -0.181252172858 0.9833964277 0.0371280908585 0.0699817463756 0.133947074413
1595942795111438989    0.165976451253 0.768449531648 0.0294728987288 -0.00794599862257 -0.00410351511328 -0.123996209638 0.992242390883 0.0341154336929 0.0642011612654 0.142842024565
1595942795137898921    0.160767655262 0.766307360239 0.032392750587 -0.00765494294592 -0.00514947483588 -0.167410265063 0.985844149909 0.0415154621005 0.0724462717772 0.14086163044
1595942795161051034    0.164644666154 0.762978378001 0.0302633656834 -0.00775199799965 -0.00589220094507 -0.202199271349 0.979295993641 0.028966628015 0.0685371086001 0.144369155169
1595942795186335086    0.164054860483 0.762184256784 0.0321215224457 -0.00760488325911 -0.00462862174135 -0.20670479593 0.978362851375 0.0305905267596 0.0671604424715 0.142489477992
1595942795210767030    0.159047272177 0.762991724575 0.0343906111477 -0.00741230593869 -0.0059505944206 -0.24091349747 0.970500043732 0.0386291854084 0.0754374712706 0.14482319355
1595942795236430883    0.165606338572 0.758999550307 0.0298934719267 -0.00887909472715 -0.00387746669171 0.12059740235 0.99265421647 0.0861894786358 0.0838318988681 0.140989586711
1595942795261152029    0.173759514111 0.763475500156 0.0288650987322 -0.00829024984727 -0.00520719503315 -0.13088233557 0.991349570592 0.0771162956953 0.070678666234 0.145765408874
1595942795288208007    0.170233903454 0.765625118925 0.00793786594871 -0.00696269694391 -0.00696120769141 -0.179796642157 0.983654527722 0.020352948457 0.0537033230066 0.0895437672734
1595942795311162948    0.156029872944 0.768500230244 0.0315838552864 -0.00676519217721 -0.00702429049584 -0.218501265656 0.975787932096 0.0502644628286 0.0688607096672 0.146188780665
1595942795336225986    0.171733348871 0.75776431347 0.0326380084236 -0.00580865477845 -0.00791230905069 -0.289948999049 0.956991762162 0.07950091362 0.0649717971683 0.14519366622
1595942795363600969    0.231067464509 0.793563453344 0.0317295281261 -0.01013628688 -0.00335751131798 0.39601029241 0.918183985436 0.0245093777776 0.0778145939112 0.144359230995
1595942795373419046    0.230500260634 0.793560546638 0.029200718871 -0.00638255558265 0.00394066878393 0.394579130436 0.918831346841 0.0245117880404 0.0776522755623 0.144680067897
1595942795386120080    0.239670421683 0.785832254966 0.118649721993 -0.00807884596173 -0.00430183554033 0.148344525821 0.988893385617 0.0366162732244 0.0534291863441 0.138576969504
1595942795411071062    0.242153686346 0.780908096874 0.0317019655396 -0.0072095037016 -0.00660230627215 -0.0851372264794 0.996321276133 0.0190538000315 0.0421155057847 0.138178154826
1595942795437865972    0.165694654115 0.766924581617 0.0290275780656 -0.00735547149128 -0.00538581777479 -0.0459980329679 0.998899930408 0.0645242631435 0.0681709945202 0.141555592418
1595942795460781097    0.233783885057 0.780727898502 0.127355993298 -0.00783781932264 -0.00460461094222 -0.0213268387003 0.99973122993 0.0200778990984 0.0547077544034 0.145363047719
1595942795486121892    0.21911817498 0.789245431034 0.128890509595 -0.00837284767246 -0.00353321649897 0.103789362171 0.994557781179 0.0402861014009 0.0495026037097 0.144742757082
1595942795510998964    0.220833330766 0.791443279193 0.125703235864 -0.00821764917019 -0.00456124752425 -0.00303123399823 0.999951237253 0.0175187494606 0.0413548573852 0.148576840758
1595942795536442995    0.212688354304 0.788164372797 0.118872640714 -0.008823598309 -0.00436916088009 0.0657084748297 0.997790284018 0.0185632556677 0.0446403026581 0.146361202002
1595942795561724901    0.208754185917 0.79206685937 0.126137646689 -0.0084119389461 -0.00430441371625 -0.0174149941909 0.999803695374 0.018795710057 0.035593252629 0.145751401782
1595942795586237907    0.198956198546 0.789478161557 0.125890814997 -0.00903005674213 -0.00482022718306 0.0467247296418 0.998855356458 0.0203747209162 0.0457666739821 0.140116393566
1595942795611424922    0.202183523971 0.786088734623 0.125560730752 -0.00841490518187 -0.00555745263208 -0.00941955877783 0.999904783469 0.0168282352388 0.038504127413 0.140198245645
1595942795636323928    0.198467570642 0.787078790853 0.116431943394 -0.00908263134038 -0.00420571175595 0.099041804794 0.995032933475 0.0164140611887 0.0370304659009 0.130448237062
1595942795661170959    0.199850503771 0.783890165383 0.116777705069 -0.0088152551823 -0.0047109778529 0.028506636244 0.99954363069 0.0164002273232 0.0523701533675 0.130984142423
1595942795687933921    0.202064944995 0.787962296723 0.120084674338 -0.00892344924966 -0.00384841321458 0.0985116641004 0.995088445218 0.0157531760633 0.0360306054354 0.137845039368
1595942795710988998    0.205390865378 0.787213167602 0.12378361835 -0.00869381299377 -0.0041394265415 0.0526210681087 0.998568127848 0.0160879418254 0.0354496873915 0.142149999738
1595942795735831975    0.205413154483 0.788720521386 0.112619781884 -0.00857355390882 -0.00423314710431 0.02526331581 0.999635103182 0.012776190415 0.0420216433704 0.139619573951
1595942795761338949    0.204894648028 0.790508915268 0.0704545277469 -0.0087788226213 -0.00324393355352 0.141857574257 0.989842834896 0.0183722283691 0.0548538863659 0.137209326029
1595942795787518978    0.169557185803 0.771196942761 0.0236879430826 -0.00644193929796 -0.00718928040673 -0.326784520627 0.94504957158 0.0620776824653 0.0890054777265 0.133724451065
1595942795810897111    0.20107731386 0.786564060925 0.107472016377 -0.00894208128212 -0.00514995312749 0.103851386743 0.994539293661 0.0220941007137 0.0502908937633 0.132138341665
1595942795836987972    0.203037006567 0.783756386218 0.110804673328 -0.00963033135275 -0.00470501447732 0.113846741444 0.993440506029 0.0139116803184 0.0527185238898 0.130271583796
1595942795862901926    0.171773135613 0.776972406967 0.0230846125873 -0.0074567454168 -0.00607765071794 -0.252861490563 0.967454663382 0.0537869185209 0.094534561038 0.130473673344
1595942795880054950    0.171791212116 0.777005900412 0.0239796216772 -0.00723329986779 -0.00170925106765 -0.248732814039 0.968543620625 0.0531697608531 0.0943580493331 0.132505431771
1595942795886033058    0.169198204743 0.774236406756 0.0264078164942 -0.00726457254886 -0.00586327016011 -0.249800773405 0.968252251046 0.0645217224956 0.0862977579236 0.136232480407
1595942795911051034    0.200059227093 0.801908469625 0.113225352711 -0.00851442720027 -0.00455551760239 0.0499861861485 0.99870322568 0.012677510269 0.0441466160119 0.136267691851
1595942795936860084    0.168460918683 0.779353630643 0.0276767554752 -0.00683518218954 -0.00532667091268 -0.340265686747 0.940289407195 0.0591101162136 0.0901384726167 0.140041694045
1595942795961040973    0.168103364266 0.781763663532 0.0323576103747 -0.00646669261101 -0.00661093113276 -0.336873541795 0.94150448449 0.0598587952554 0.0916162282228 0.140453532338
1595942795986624956    0.206914994563 0.798279017827 0.120158627648 -0.00846959568408 -0.00380624584311 0.0952742604839 0.995407752497 0.017347952351 0.0341096483171 0.139346435666
1595942796011120080    0.163002922776 0.784383773811 0.0297117896312 -0.00627721233202 -0.00637523947753 -0.387215671421 0.921945755852 0.0623975768685 0.0980023890734 0.146829143167
1595942796036149024    0.211618619395 0.804448851706 0.118998822549 -0.00854084615816 -0.00203850467325 0.103235903099 0.994618141176 0.0119777629152 0.0465388596058 0.146814748645
1595942796061055898    0.16514100626 0.781464450905 0.0266687733505 -0.00785600521578 -0.00386454363662 -0.245907732952 0.969253700204 0.0664880126715 0.0890133604407 0.140472054482
1595942796086230039    0.166711875417 0.785727169346 0.0307998047932 -0.0072383683615 -0.00538446175671 -0.436559896578 0.899629962982 0.0635329112411 0.10055474937 0.148496493697
1595942796110939979    0.167906124777 0.772443305767 0.035819480754 -0.00808960535063 -0.00434398703109 -0.239747024779 0.970791971625 0.0674563273787 0.0765746608377 0.145835623145
1595942796137029886    0.16236928097 0.777624294517 0.0341686631351 -0.00690685112761 -0.00538424581286 -0.303569441632 0.952769069299 0.0675323605537 0.0817243978381 0.146358579397
1595942796160969018    0.21029420035 0.798976145291 0.131977064048 -0.00861505039556 -0.000160359929878 0.181075089553 0.983431526409 0.0212148837745 0.0501281097531 0.145304471254
1595942796186108112    0.214859434885 0.797616142014 0.129511892388 -0.00864784982515 -8.00993932234e-05 0.142983573028 0.989687276932 0.0159425605088 0.0393790528178 0.148986309767
1595942796211122989    0.213458049074 0.805373165632 0.124236194197 -0.00927041949433 -0.000718390502477 0.144342604598 0.98948408564 0.0168376900256 0.0426568798721 0.142571181059
1595942796237112998    0.164996415829 0.77928631553 0.0360280540676 -0.0087054195423 -0.0029736983226 -0.266838427651 0.963697372788 0.060962613672 0.0856304690242 0.149996742606
1595942796260765075    0.164208254702 0.782540435536 0.0360197565829 -0.00774286981253 -0.00330767231879 -0.309766350534 0.950775428452 0.0609243772924 0.0868799164891 0.147889360785
1595942796286792993    0.216956232046 0.783927457788 0.131535840424 -0.00894608975703 -0.000661218486448 0.0328669250972 0.999419479249 0.0137879960239 0.0462157949805 0.149452283978
1595942796311090946    0.2146028947 0.792293715953 0.122864230548 -0.00909264153882 0.000328380239628 0.162363187606 0.986689115855 0.0153169445693 0.0391039215028 0.145629182458
1595942796336266040    0.211870621176 0.801406709475 0.128503038012 -0.00907072934454 -0.00132401752516 0.158444915556 0.987325264328 0.0160127859563 0.0309184398502 0.146678045392
1595942796360980987    0.215966138545 0.790657048364 0.132794882461 -0.00928019059758 -0.00112267665419 0.116947053669 0.993094156814 0.0146292606369 0.0377983786166 0.147790819407
1595942796377773046    0.21637060691 0.7903610719 0.129681389327 -0.00689626369977 0.00213341057809 0.115892344183 0.99323554843 0.0146825676784 0.0376920737326 0.141688227654
1595942796385819911    0.214337785415 0.795360925275 0.120916835737 -0.00891420144891 0.00020321239527 0.207525068353 0.978189062361 0.01834952645 0.0313890576363 0.14427639544
1595942796411288976    0.215804772739 0.779159222728 0.123818704319 -0.00908743813753 -0.000616622729369 0.108718814737 0.994030813188 0.0172023922205 0.0473214425147 0.144373744726
1595942796435905933    0.214630568207 0.792285777202 0.124999683216 -0.00885641807923 -0.00245068883782 0.0448533604911 0.99895131715 0.016679469496 0.0456120409071 0.14862126112
1595942796461133956    0.170795434291 0.777799429155 0.0328398385785 -0.00785514285158 -0.00526364861249 -0.242321886926 0.970149830619 0.0713455155492 0.0839404463768 0.14449942112
1595942796486015081    0.16674620358 0.771834738845 0.0330003285602 -0.00791300715598 -0.0051406307471 -0.198229690309 0.980110171416 0.0650124028325 0.0685626864433 0.144717112184
1595942796513041973    0.164933519837 0.77450545048 0.0324237821431 -0.00787767909454 -0.00475111107098 -0.309193109163 0.950954778295 0.071696639061 0.0796589404345 0.144403204322
1595942796536134958    0.217263700158 0.780274876504 0.128541334063 -0.00916178470711 -0.00162717255037 0.0566295466505 0.998351896105 0.0116440365091 0.0509886294603 0.146237522364
1595942796560986042    0.218356477695 0.786876815146 0.126713890383 -0.00919673913111 -0.00376655354009 0.0665896119497 0.997730954037 0.0167036801577 0.0421389564872 0.141549110413
1595942796586216926    0.169993184844 0.768301162254 0.0340503280528 -0.00783293588583 -0.00482298981542 -0.214204434992 0.976745536931 0.0709988176823 0.0670646801591 0.147383123636
1595942796611212968    0.222951500418 0.791418600959 0.129092671176 -0.00898705195247 -0.000880359232004 0.217899861948 0.975929356064 0.021098272875 0.0381903536618 0.147488236427
1595942796636133909    0.16780857474 0.775874220341 0.0304488185648 -0.00749766289632 -0.00470106170955 -0.255951577935 0.966649096013 0.0688311308622 0.0850063785911 0.146681636572
1595942796661722898    0.153627198337 0.777767615991 0.0312155063974 -0.007502569583 -0.00472699763048 -0.237191889166 0.971422346179 0.0494086295366 0.0703338906169 0.14188875258
1595942796686167001    0.163024049302 0.776957776528 0.00661643757425 -0.00769782636234 -0.0038967316105 -0.162687144173 0.986639980982 0.0280514769256 0.0602461919188 0.0933559313416
1595942796711133956    0.163371808787 0.773435476858 0.0202772957393 -0.00757032520957 -0.00538690348713 -0.201368145676 0.9794715623 0.0450776480138 0.0701013430953 0.119910471141
1595942796737961053    0.174605655724 0.773156233105 0.0165332337932 -0.00777079978024 -0.00530676779809 -0.175771329177 0.984386048624 0.0435386821628 0.0618085637689 0.117319732904
1595942796763252019    0.17741894704 0.779206259144 0.0116926009849 -0.00690177935203 -0.0065027015212 -0.368840059261 0.929444506681 0.0588669143617 0.0817948877811 0.109903298318
1595942796787167072    0.173975392142 0.778971020306 0.0143238036305 -0.00707608490054 -0.00718483030248 -0.369767373529 0.929069640398 0.0521336533129 0.0843529328704 0.110766269267
1595942796811232089    0.170401897314 0.778337586148 0.0152029175819 -0.00795487700683 -0.00713048182708 -0.279749024559 0.960013728766 0.0539728067815 0.0812530815601 0.116249360144
1595942796836101055    0.174750807819 0.773030407417 0.0167175739611 -0.00858921003637 -0.00544515895396 -0.206687594819 0.9783541352 0.0514587648213 0.0688347443938 0.111343450844
1595942796861171007    0.175406582809 0.77422178598 0.0043113986445 -0.00771311594963 -0.00598050109315 -0.304532296903 0.952452004876 0.0633567348123 0.0749911814928 0.0947729423642
1595942796871010065    0.175469689001 0.774286871736 0.014267943998 -0.00707415448407 -0.00166650268862 -0.301491212134 0.953441255722 0.0627603232861 0.0747347325087 0.115007653832
1595942796886121988    0.176451277086 0.778483058837 0.0164224515579 -0.00797273739685 -0.00570603100344 -0.315985605673 0.948713325339 0.0573589727283 0.0835762992501 0.114701278508
1595942796910813093    0.171753367845 0.778237530022 0.016978679189 -0.00769455952269 -0.00604382776794 -0.28917208135 0.957227127315 0.0435132682323 0.0839500650764 0.112203665078
1595942796936081886    0.169961135166 0.777246869045 0.0158062237705 -0.00854525050015 -0.00372649006674 -0.093368487009 0.995587975821 0.0370795950294 0.0690928325057 0.114031076431
1595942796961028099    0.172992865457 0.779480715464 0.0178704459287 -0.00746554094654 -0.00565167009978 -0.192057673132 0.981338970241 0.0493983700871 0.0814832448959 0.11483938247
1595942796986427068    0.167936123323 0.773549075506 0.0228099540959 -0.00807410104892 -0.00356165969244 -0.163213664217 0.986551277575 0.0315484628081 0.0651190951467 0.121852897108
1595942797011042118    0.168560239135 0.791401764754 0.0192899759298 -0.00740235489434 -0.00402780944766 -0.155950904448 0.987728858187 0.0389395654202 0.0786171257496 0.119910016656
1595942797037698984    0.161980285088 0.788108958678 0.0200871528724 -0.00689289937875 -0.00396772020093 -0.170754996352 0.985281419877 0.0375949144363 0.0670078322291 0.120466060936
1595942797061459064    0.161076830584 0.792048231136 0.0240323743848 -0.00695707213362 -0.00438600251115 -0.149047620516 0.988795817622 0.035018183291 0.0709240958095 0.120934478939
1595942797085829973    0.168134516534 0.796726730698 0.0232140427788 -0.00731720364323 -0.003094437655 -0.16009653637 0.987069390686 0.0497726872563 0.0724372118711 0.123043753207
1595942797110924005    0.16263844388 0.797543707238 0.0200789304927 -0.00704144397606 -0.00249932241286 -0.103835055179 0.994566464732 0.0315226390958 0.0673153996468 0.123741455376
1595942797135787963    0.16811078071 0.798824765669 0.0188006102381 -0.00694891927258 -0.00248647307422 -0.111377091224 0.993750810577 0.045999519527 0.0679076164961 0.121165402234
1595942797161042928    0.169376842286 0.802529093919 0.0219473579947 -0.00649641811648 -0.00282207380165 -0.201887053902 0.979383198711 0.0415403395891 0.0829396918416 0.12557926774
1595942797185916900    0.165329941886 0.804340102459 0.028267900093 -0.0067796560412 -0.00364001519469 -0.164471265018 0.986351858891 0.0399739705026 0.0751478299499 0.130106344819
1595942797210835933    0.160203146303 0.800086804991 0.0222561241227 -0.00598152506334 -0.0027868991121 -0.149782231084 0.988696989883 0.0378055013716 0.0678554773331 0.125073075294
1595942797236633062    0.168497053673 0.798371924398 0.0204335941061 -0.00685155622354 -0.00213394081467 -0.206941739132 0.978326948969 0.0433869101107 0.0689049735665 0.120438739657
1595942797261073112    0.162046983463 0.799597900072 0.0154009983657 -0.00660136658358 -0.00320888798028 -0.103725074494 0.994578922921 0.0318749174476 0.0701248198748 0.113905355334
1595942797286870956    0.163937191329 0.797798290698 0.0152529191574 -0.00646639307599 -0.0029166065796 -0.177133047188 0.984161349963 0.0325955450535 0.0660403817892 0.109403021634
1595942797311019897    0.16649331209 0.806908390087 0.0131730850887 -0.0064887180124 -0.00246544033138 -0.132518689485 0.991156201151 0.0364152267575 0.0766146108508 0.107100948691
1595942797339266061    0.165875969785 0.808595904021 0.0147104324968 -0.00614126522236 -0.001401214056 -0.122574285297 0.992439351318 0.0379001535475 0.080107524991 0.108660183847
1595942797363264083    0.165803844274 0.807157280639 0.0102568333008 -0.00532523032565 -0.00227454591339 -0.109186482406 0.994004416702 0.0417071208358 0.0740790590644 0.0977344438434
1595942797369167089    0.165779988966 0.807170848902 0.00934916839278 -0.00746123989299 -0.000608155894177 -0.109059484323 0.994007036658 0.0416619926691 0.0738246440887 0.0959454849362
1595942797386017084    0.205905552849 0.728384376047 0.0193836556994 -0.00710613517509 0.000495169303009 0.495373384496 0.868650946919 0.0244727320969 0.0588289611042 0.120019182563
1595942797411029100    0.220924853654 0.725567277195 0.0279897502292 -0.00520474848375 -0.00442358261591 -0.264444689505 0.964376663292 0.0147871095687 0.036226619035 0.127295047045
1595942797436098098    0.217317033327 0.728354583341 0.024550666973 -0.00521577907138 -0.00420261504635 -0.222769030245 0.974848240927 0.0242113359272 0.0462719276547 0.123940706253
1595942797461083889    0.214761408831 0.730027415337 0.0260686606845 -0.00498589440244 -0.00372569322481 -0.229540880311 0.973279119438 0.029124757275 0.038356076926 0.1283518821
1595942797486093044    0.21893285439 0.734375275044 0.0305825264346 -0.00374799169548 -0.00398095628914 -0.245780041983 0.969310206027 0.0190155338496 0.0283527895808 0.128660455346
1595942797511132001    0.199715136014 0.742636672874 0.0244572998342 -0.00371598858578 -0.00451348888921 -0.223919785305 0.97459004181 0.0195337813348 0.0471646822989 0.126561835408
1595942797536081075    0.209370028491 0.740435380533 0.023801152843 -0.00327005670992 -0.00431784445555 -0.370606570724 0.928774155909 0.0151957701892 0.0297830384225 0.126617312431
1595942797561288118    0.153467590168 0.809325885241 0.0197255896077 -0.00410066542898 -0.00467596318537 -0.0959035971049 0.995371197079 0.0658698603511 0.0856335833669 0.118625611067
1595942797586102962    0.205977476496 0.736469380978 0.0306010125636 -0.00400440296838 -0.00337432909003 -0.202192025534 0.979331896484 0.0236782319844 0.0293912123889 0.126085072756
1595942797611263036    0.160363017681 0.807678657504 0.0230039720786 -0.00405738701153 -0.00320277175451 -0.154712618778 0.987945993187 0.0753756612539 0.0828573182225 0.124997511506
1595942797635703086    0.155600762067 0.807116576544 0.0212813386798 -0.00358890531031 -0.00274222363159 -0.0621091372286 0.99805914406 0.0639300942421 0.0933835804462 0.121524617076
1595942797661195993    0.164924860127 0.822704806845 0.0227776431308 -0.00403241730343 -0.00395266225704 -0.150123334671 0.988651152055 0.0754357874393 0.114878699183 0.12559966743
1595942797686142921    0.19861615245 0.739065328792 0.0310436672867 -0.00358411169442 -0.00573704024007 -0.308720678221 0.951128689164 0.0293419584632 0.043683834374 0.123110085726
1595942797711532115    0.164066502519 0.816385553467 0.0194868186799 -0.00421937886766 -0.00518516908143 -0.20321354699 0.97911162039 0.0704863071442 0.0976011380553 0.115856617689
1595942797736159086    0.162758725972 0.813127485701 0.0160466726252 -0.00414133647855 -0.00497195195686 -0.264102378884 0.964472945444 0.072548225522 0.0887403413653 0.113176636398
1595942797760987043    0.164125537267 0.803007473928 0.0201721117019 -0.00358372183556 -0.0057812239686 -0.354101057608 0.935182428935 0.0710007026792 0.0781754255295 0.122217178345
1595942797786087036    0.167637133154 0.799233702552 0.0232839906959 -0.0042601314093 -0.00436428948978 -0.323298357295 0.946277431004 0.0693181008101 0.0732751488686 0.125117734075
1595942797811023950    0.167753181549 0.800363226963 0.0225708537641 -0.00383697034803 -0.00660124420878 -0.332174102469 0.943187185495 0.0696507319808 0.0729776099324 0.126028433442
1595942797836572885    0.169572034946 0.796756830547 0.0212625460358 -0.00412758743966 -0.00501828452682 -0.366061499282 0.930567976338 0.067411057651 0.0752253904939 0.119234010577
1595942797861155986    0.166306744498 0.801030524598 0.0221292994287 -0.00329564077478 -0.00682877760612 -0.375050478904 0.926973378702 0.0596806593239 0.0716575235128 0.12584964931
1595942797874265909    0.166376961487 0.800858145032 0.020696947386 -0.00702821002366 -0.00267887395875 -0.375181710498 0.926920769001 0.0599140971899 0.071391031146 0.123127363622
1595942797887195110    0.168051488698 0.795040066201 0.020405173896 -0.00754483054958 -0.0024594234498 0.380900373402 0.924582031142 0.0592005290091 0.0737065598369 0.118511073291
1595942797911521911    0.164408688539 0.802492570902 0.023516135248 -0.00358264279502 -0.00736443610461 -0.358988119771 0.933306198209 0.0548081211746 0.0708365961909 0.128364533186
1595942797936036109    0.167678619907 0.803269613979 0.0291503291708 -0.0036883765244 -0.00568872852423 -0.296224256038 0.955094353654 0.0779725536704 0.0732956975698 0.138911128044
1595942797961097955    0.215528128467 0.750564334351 0.0799372853521 -0.00621560702812 -0.00202697038319 0.348309194992 0.937356902308 0.0113414116204 0.030774699524 0.138475909829
1595942797990535974    0.16661098857 0.822427453944 0.0471356194754 -0.00346777584189 -0.00327053543677 -0.3315367258 0.943430271708 0.032903522253 0.0664227381349 0.139343515038
1595942798010885000    0.170177634661 0.81913835734 0.0524666152966 -0.0034701991705 -0.00539357468356 -0.367746366326 0.929904015006 0.0420516990125 0.0708851888776 0.13879725337
1595942798035919904    0.17309893036 0.811253468432 0.0428738964003 -0.00302135196193 -0.0073185733006 -0.368137501063 0.929737645913 0.0724489763379 0.0792161226273 0.135992065072
1595942798060978889    0.171831098072 0.81401695969 0.0573591224517 -0.0065471641605 -0.00208108687688 0.328178351377 0.944590796804 0.0519136115909 0.0814476683736 0.141435772181
1595942798086062908    0.180178126256 0.810321649031 0.0518998702186 -0.00338136856982 -0.00622795034223 -0.380489134686 0.924758237253 0.0586043186486 0.0785999968648 0.140930846334
1595942798110893011    0.187524645007 0.81046829965 0.0535430138193 -0.0075421301083 -0.00315832702091 0.360203157865 0.932838049346 0.0516037158668 0.0733590945601 0.137992888689
1595942798135984897    0.18092301236 0.80209919231 0.0311385424948 -0.00641232574893 -0.00174302743276 0.285431313283 0.958376131449 0.103869587183 0.0970667675138 0.143311545253
1595942798161269903    0.187222823646 0.813866037722 0.0406410687335 -0.00641369619532 -0.000786106658457 0.343359468689 0.939181836387 0.0775376781821 0.0832179635763 0.14111481607
1595942798185903072    0.188010665567 0.818104130002 0.0437961482441 -0.00415297894968 -0.00573468913641 -0.382273803411 0.924021972321 0.0841498747468 0.076573818922 0.138347417116
1595942798211005926    0.184138595944 0.820143287693 0.0652938991615 -0.00410337259343 -0.00502810635513 -0.481380490769 0.876487708749 0.0560848675668 0.0870943590999 0.138379260898
1595942798236659049    0.194469737495 0.820568575646 0.0822774706256 -0.0047356804768 -0.00425109037699 -0.380651681889 0.924696598153 0.0506118908525 0.0707979425788 0.143581569195
1595942798261043071    0.197027636593 0.820402048264 0.09279224206 -0.00484291240086 -0.00433089844502 -0.378342971394 0.92564268782 0.0505613014102 0.07715703547 0.145022168756
1595942798285732984    0.195582454675 0.822322858692 0.0932985135857 -0.00614022694827 0.000806190861344 0.335929418004 0.941866802573 0.0512369722128 0.0771008878946 0.138910159469
1595942798310595989    0.188982081334 0.824267762838 0.104396881289 -0.00504358406972 -0.00339664421645 -0.516518462165 0.856254461775 0.0173101406544 0.0621897578239 0.140353828669
1595942798335658073    0.161432609603 0.821976210034 0.100785382505 -0.00632440889377 -0.0012372305043 -0.0351814807891 0.999360162565 0.0364847481251 0.0531783178449 0.138571768999
