1595942779384119033    0.0123288575505 0.153408496659 0.067731519396 -0.0129818537862 -0.0033379383413 0.0569149995898 0.998289042543 0.0150739690289 0.0417939722538 0.1074058339
1595942779409118890    0.0068982107428 0.15603590814 0.0738642038926 -0.0131583088162 -0.00152333619937 0.076691656407 0.99696686414 0.0246449299157 0.0387812964618 0.110770538449
1595942779435372114    0.00485736978457 0.15430547387 0.0751323421872 -0.0129132082041 -0.00140601373168 -0.0026902406113 0.999912013522 0.0296916421503 0.041341971606 0.110616229475
1595942779459105014    0.0128927949828 0.154813757214 0.0707584255148 -0.0129423276742 -0.00295914760986 -0.0274837565771 0.999534082823 0.0174478404224 0.0401069335639 0.110968798399
1595942779485316991    0.0103713316994 0.151801507167 0.0673354256388 -0.0131369589285 -0.000249251071797 0.161001165497 0.986866750323 0.0292711853981 0.0381005741656 0.107441879809
1595942779508985042    0.00313714338729 0.156432447876 0.0704836981973 -0.0132679261196 -4.01570550944e-05 0.193256433727 0.981058566726 0.0314247123897 0.0452058166265 0.107021145523
1595942779533921003    0.00594950185554 0.15514651338 0.0714680906977 -0.0128119653343 -0.00160725114467 0.0631113137736 0.997922959132 0.0204667672515 0.0444523729384 0.110121935606
1595942779558861970    -0.00266161697511 0.157106164011 0.0754667351344 -0.013015372428 -9.62168264708e-06 0.144059808876 0.989483386144 0.0238786004484 0.0455691628158 0.104595199227
1595942779583910942    -0.000461018881115 0.153441461991 0.0763858501065 -0.0127657096074 -0.00311078202552 -0.00122098646459 0.999912930652 0.0227612797171 0.0378572233021 0.107840716839
1595942779609082937    0.00891670120068 0.156754730979 0.0678668705905 -0.0129144387859 -0.00133185246016 0.185718741344 0.982517171633 0.0263102576137 0.0473830625415 0.110452912748
1595942779633970022    0.0126001411008 0.153023758233 0.0728647091857 -0.0124410607086 -0.00368374562087 0.0476435007289 0.99878012939 0.0204008277506 0.0434880666435 0.110413886607
1595942779658927917    0.0129443929275 0.156172307393 0.0841647934182 -0.0124030428733 -0.00466354823029 0.0185191493003 0.999740694858 0.0143523225561 0.0434397533536 0.111872598529
1595942779684092044    0.0115420968409 0.155035040106 0.07583594462 -0.0119661441374 -0.00390561946063 -0.0810267173833 0.996632444084 0.0257445666939 0.0454274527729 0.108220100403
1595942779709017992    0.0114320929213 0.154028257267 0.0684911113991 -0.0125786295214 -0.00121158734501 0.14808484582 0.988893921801 0.022255429998 0.0419814251363 0.111396804452
1595942779734060049    0.0053259198622 0.156059654695 0.0681506684228 -0.0118751744201 -0.00452753924623 -0.029813531349 0.999474679504 0.03433579579 0.0370958931744 0.109840124846
1595942779759192943    0.00497595362201 0.154883416654 0.0811668218331 -0.0122953576057 -0.00373054704085 0.070575915364 0.997423654908 0.0238282326609 0.0423528514802 0.111939191818
1595942779784948110    0.0049386998042 0.156172288047 0.0786790851906 -0.0126512962348 -0.00353711749498 0.214796427738 0.976570493172 0.0244782287627 0.0372863672674 0.111553177238
1595942779809578895    0.000143362849615 0.155514416777 0.0743345857311 -0.0119158442663 -0.00451104625573 0.151221285568 0.988417819502 0.0288108550012 0.0431939251721 0.11250103265
1595942779836321115    -0.00237510684338 0.156007347269 0.0659698083409 -0.0113394657067 -0.0064074486126 -0.010682895513 0.999858108365 0.0339969694614 0.047938849777 0.107618831098
1595942779858773946    0.172355194253 0.595058117516 -0.0217034490364 -0.00780476132099 -0.0103084126788 -0.356739920079 0.934114260544 0.0584175549448 0.120727792382 0.0452422387898
1595942779883853912    0.172449391973 0.59073444314 -0.0222888120775 -0.00881837535417 -0.0105766461812 -0.381457884962 0.924283643051 0.0522816553712 0.135943949223 0.044167201966
1595942779908998012    0.172740576308 0.592526338426 -0.0188141910983 -0.00932003091315 -0.00917427002222 -0.375239828599 0.926835498255 0.0520777888596 0.137137651443 0.046678956598
1595942779934029102    0.167021216474 0.59065544522 -0.0218200495801 -0.00985727782604 -0.00781525995746 -0.39055352042 0.920494271288 0.0581551492214 0.143789097667 0.045946650207
1595942779958791971    0.161886006 0.593707942063 -0.0203955553602 -0.00888148574605 -0.0103659098991 -0.392428839554 0.919681071355 0.0657653212547 0.136286139488 0.0484056025743
1595942779986110925    0.169871901098 0.594754214537 -0.0207025339194 -0.00971741754977 -0.0088906431595 -0.389102355595 0.921100366481 0.0577501356602 0.128432363272 0.0479335486889
1595942780008896112    0.171552905021 0.594068272006 -0.021579600438 -0.00971999393011 -0.008960649686 -0.36970777592 0.929054029053 0.0541256852448 0.138162359595 0.0465232431889
1595942780033701896    0.171382221382 0.591783098912 -0.0216319139988 -0.0096912883835 -0.0090417024517 -0.380421885337 0.924718073633 0.0516013093293 0.133776277304 0.0452184043825
1595942780058978080    0.168496611732 0.591835888518 -0.0201299446357 -0.00938697639189 -0.00937209167415 -0.404728616728 0.914340634213 0.0575990825891 0.142697498202 0.047357738018
1595942780083997964    0.169495765679 0.594206690243 -0.0223397205643 -0.00983606664706 -0.00883985474966 -0.372292370651 0.928021281823 0.0571786500514 0.13763025403 0.0465140901506
1595942780109064102    0.173714683396 0.592795997899 -0.0214211916579 -0.00972113797116 -0.00860025389305 -0.367191171335 0.930054933218 0.052145998925 0.13235449791 0.047067631036
1595942780135870933    0.166383110682 0.590136706279 -0.0198647477771 -0.00930390908992 -0.00936107505149 -0.436557958779 0.899579321781 0.0552843846381 0.132224753499 0.0488545335829
1595942780158941984    0.168071345152 0.591479731706 -0.0203835467553 -0.00955653264097 -0.00838027203168 -0.401801650085 0.915638508208 0.0576148107648 0.140459224582 0.0465062744915
1595942780183933019    0.167793711042 0.592134651366 -0.0214171039879 -0.00935622535918 -0.00919790727069 -0.402823713929 0.915183541725 0.0542840361595 0.137904852629 0.0467122979462
1595942780209050893    0.180000246018 0.598566876588 -0.0213751930245 -0.0104406774056 -0.00823591540012 -0.335918936959 0.941797021521 0.0528308562934 0.12264957279 0.045865945518
1595942780233695983    0.171603845462 0.594128531047 -0.0189064459899 -0.0100469470765 -0.00897148318774 -0.378785757386 0.92538636328 0.054483294487 0.129224061966 0.0476976893842
1595942780258815050    0.174549359449 0.593107396321 -0.0207404455056 -0.0102716020158 -0.00886246679578 -0.344203238019 0.938797146252 0.0491602271795 0.128431454301 0.0471076890826
1595942780285564899    0.163855313775 0.589044634505 -0.0220649972745 -0.0102827855975 -0.00893076627 -0.376623818053 0.926266163373 0.0573767274618 0.139955088496 0.0452681146562
1595942780308877944    0.170071621206 0.58841050553 -0.0195797512245 -0.0109044094283 -0.00762821678613 -0.404246474705 0.914553274475 0.0473883710802 0.131868377328 0.045920368284
1595942780333803892    0.171328091589 0.592150398637 -0.0225200392244 -0.0101510793025 -0.009347930542 -0.376878392776 0.926159947764 0.0507872104645 0.136541172862 0.0434397384524
1595942780359071969    0.170565452415 0.592981227988 -0.0221492617753 -0.0104878336447 -0.00843884841583 -0.402574141096 0.915288398322 0.0530838891864 0.129298835993 0.0444935336709
1595942780383878946    0.169710483237 0.591759002189 -0.0217455100988 -0.00977688288447 -0.0095925090285 -0.407778940743 0.91297794706 0.0560999177396 0.134621992707 0.0440997742116
1595942780409044027    0.167857841472 0.590273092564 -0.0245591263674 -0.010055315424 -0.00879727167034 -0.394396488268 0.918843244893 0.05640136078 0.140391588211 0.0391252525151
1595942780435332059    0.164237193029 0.593571956799 -0.0227285075118 -0.0100686792934 -0.00920564205632 -0.418005692415 0.908341961466 0.0636556595564 0.130536273122 0.0399251505733
1595942780458998918    0.166793276818 0.592114720584 -0.024254176156 -0.0110481011942 -0.00751597094426 -0.396999362763 0.917721611169 0.0575228370726 0.139691084623 0.040443867445
1595942780483855962    0.176514154822 0.595105316711 -0.0238820643056 -0.0115306991204 -0.00696908262653 -0.339020011562 0.940682681155 0.0488736890256 0.131509587169 0.0409454330802
1595942780509092092    0.16985711385 0.592508957784 -0.0248056497649 -0.0114390986754 -0.00746549519093 -0.377013346028 0.926107094412 0.0537838600576 0.136687144637 0.0397009402514
1595942780533806085    0.171331509669 0.591261169389 -0.0237583820065 -0.0109447122301 -0.0082132558594 -0.39821506093 0.917190013547 0.0464140959084 0.126528784633 0.0412548594177
1595942780558793067    0.162889010801 0.594935419582 -0.0244247383298 -0.0108832101533 -0.00835755574318 -0.426679165796 0.904298953043 0.0661455541849 0.132495567203 0.0395798645914
1595942780585510015    0.168753809892 0.593335963991 -0.0239662287549 -0.0108496478475 -0.00831828463726 -0.397876277323 0.917337211295 0.056834358722 0.135158076882 0.0407178141177
1595942780608809947    0.166096288367 0.59077663119 -0.0248902208869 -0.0114859829315 -0.00726968252572 -0.411442144743 0.911334507983 0.055337049067 0.139461100101 0.0392225719988
1595942780633698940    0.168343681337 0.593128505465 -0.0238571231452 -0.0117145166039 -0.00668358597854 -0.426959086772 0.904170358949 0.0565328672528 0.128987953067 0.039010643959
1595942780659012079    0.17076199241 0.593296252711 -0.0247811030273 -0.0111847058544 -0.00753064026055 -0.396952063926 0.917740295921 0.0551847927272 0.132889598608 0.0380630232394
1595942780683794975    0.174609762449 0.591937281883 -0.0229133685903 -0.0115190843205 -0.00673622191114 -0.359612904786 0.933006158995 0.049583222717 0.131914645433 0.0390759594738
1595942780708631038    0.170301773319 0.589859808712 -0.0261105201049 -0.0107079315524 -0.0075590283819 -0.376732752934 0.926229255724 0.0510179549456 0.14487592876 0.0357294566929
1595942780735101938    0.163281477055 0.593556161774 -0.0256811021818 -0.0101925287206 -0.0078050708014 -0.428275682095 0.903556934207 0.0626653805375 0.13492615521 0.0365494377911
1595942780758862972    0.169639037995 0.596426357755 -0.02571529615 -0.0101876293516 -0.00763213763835 -0.395284566572 0.918470508026 0.0576639473438 0.132948175073 0.0370811931789
1595942780783932924    0.169734705214 0.59210714881 -0.0252407734298 -0.0104280133706 -0.00737966325936 -0.381498634241 0.924281120212 0.0540055036545 0.135604307055 0.0350740551949
1595942780808826923    0.164708016189 0.591667034426 -0.0267879550243 -0.0106032652306 -0.00740734725667 -0.391291889496 0.920175721907 0.0598042309284 0.135342389345 0.0344926342368
1595942780833977937    0.17315621815 0.593025398307 -0.0242483879901 -0.0117885770343 -0.00498762780484 -0.353818425938 0.935226536454 0.0503543056548 0.130302667618 0.0347343496978
1595942780858983993    0.164361010225 0.586521117072 -0.0279106855787 -0.010510282628 -0.00753043348539 -0.408416269085 0.912704211493 0.0532373972237 0.14123763144 0.0331316553056
1595942780885623931    0.168286010247 0.59120796866 -0.0266999634944 -0.0102227260996 -0.00733454896885 -0.394801851931 0.918680139098 0.0536161549389 0.13929566741 0.0339262112975
1595942780908834934    0.162425502908 0.58963903391 -0.0266300044742 -0.00985595211577 -0.00760427479299 -0.387382421589 0.921835069118 0.0611159838736 0.140824183822 0.0346824005246
1595942780933718919    0.166507043989 0.592721373725 -0.0270749388093 -0.0100267393455 -0.00776609208428 -0.392191471827 0.919796174018 0.0586627684534 0.133452951908 0.0342919491231
1595942780958698034    0.169668989826 0.593408901662 -0.0270440210036 -0.0105571128403 -0.0067972145496 -0.383057734689 0.923639062154 0.0559551119804 0.125559061766 0.0332845151424
1595942780983778953    0.169635135577 0.589514787515 -0.0261859218493 -0.0102006413421 -0.00695186404426 -0.407600273573 0.91307701509 0.050542652607 0.129673078656 0.0351344831288
1595942781008781909    0.17040154 0.593268948957 -0.0258371241144 -0.0104351800741 -0.00665327028456 -0.397723059711 0.917422045073 0.0557939819992 0.13848605752 0.0361615158617
1595942781035952091    0.165382091757 0.595413069663 -0.0263265395483 -0.0102179834557 -0.00709824018719 -0.399149903474 0.916801266555 0.0629216134548 0.128233715892 0.0346875227988
1595942781058819055    0.168944478995 0.590769808637 -0.0256208929304 -0.00997508630905 -0.00736950181637 -0.389017223339 0.921146995892 0.0517153292894 0.137888222933 0.035925783217
1595942781083678007    0.172033611882 0.592817768393 -0.0246343901035 -0.0106426765116 -0.00676799683522 -0.398612661676 0.917032645879 0.0516990050673 0.130018085241 0.0362767130136
1595942781108752012    0.181698936395 0.563421383373 0.115111669876 -0.0125499516393 0.00190992379379 0.275945465333 0.961089460491 0.0138533376157 0.029897397384 0.129002347589
1595942781133770942    0.178356367501 0.570621486082 0.114875809303 -0.0126952353313 0.000533040577833 0.267909139932 0.963360389267 0.00753512093797 0.0193673390895 0.128894880414
1595942781158968925    0.166538736035 0.593396044244 -0.0256342980068 -0.0112639012404 -0.0061889099055 -0.407693776784 0.913028261498 0.0578903481364 0.131259739399 0.0359799303114
1595942781183881044    0.179292643094 0.568121164695 0.111944339021 -0.0102414424713 0.00581443009989 0.30081790653 0.953608878089 0.0156392063946 0.0364636331797 0.132002919912
1595942781208851099    0.17904554952 0.570391051711 0.111558366995 -0.012605564163 0.00249189735148 0.235430369393 0.97180627255 0.0224910061806 0.0422624796629 0.127956852317
1595942781233860969    0.17976471165 0.574569200944 0.104385896226 -0.0125685720547 0.00133797510486 0.251168163714 0.967860937509 0.00919578131288 0.035923987627 0.125056415796
1595942781258786916    0.17972028943 0.579553741714 0.102031372517 -0.0126548846887 0.00167207974819 0.254877755569 0.966889025566 0.00927623081952 0.0392388254404 0.121193528175
1595942781285197019    0.178187584085 0.579485507083 0.101434692098 -0.0130482164792 -0.00141683304223 0.0704048761625 0.99743214809 0.0128589747474 0.0295277293772 0.119909472764
1595942781308775901    0.177339777104 0.575607617806 0.103855189429 -0.0128602577187 0.00187049688943 0.289678932884 0.957035647641 0.0177573747933 0.042014490813 0.120040975511
1595942781333920955    0.180102866221 0.574753502471 0.103666756606 -0.0128975808924 -0.000387848440508 0.193946221872 0.980927298531 0.0113601246849 0.0369002819061 0.122505992651
1595942781359127998    0.175789639403 0.58760283527 0.107223451253 -0.0130391195957 0.00189458779063 0.272437400265 0.962083288928 0.0136290285736 0.0368648357689 0.128350049257
1595942781383863925    0.174158558351 0.593128122412 0.107893887539 -0.0129077143244 0.00216560189638 0.310191853392 0.950583881185 0.0078766066581 0.030559040606 0.12893268466
1595942781409045934    0.166569373932 0.596875543871 0.0975740136676 -0.0127930756948 0.0022296888694 0.274685442158 0.961446448622 0.0156847126782 0.039859611541 0.126843854785
1595942781433770895    0.168403626401 0.601130734343 0.0999993164072 -0.0131949326624 0.00151214049818 0.216167353947 0.976265989508 0.0113841844723 0.0325897857547 0.128833726048
1595942781459116935    0.167820920685 0.600744416942 0.104691458606 -0.0129709977652 0.000972060249782 0.181126120994 0.983373853938 0.0138059556484 0.034252628684 0.129553303123
1595942781484049081    0.168488994153 0.602351902923 0.103530351828 -0.0131668375038 0.000917197730239 0.19945879824 0.979817320189 0.00736462557688 0.0326816476882 0.126896843314
1595942781508795976    0.16396928761 0.60599071201 0.0882301333323 -0.0131156607072 0.00230428605242 0.245479700874 0.969310263109 0.00803075917065 0.0305383931845 0.12142752856
1595942781535003900    0.161346464926 0.608570256675 0.0852545966506 -0.0131834882881 0.00082620637079 0.193716541569 0.980968610376 0.0152729153633 0.0389786586165 0.11895096302
1595942781559075117    0.158498742061 0.615151180512 0.0786901569854 -0.0132113090569 -3.48913694385e-05 0.203624816613 0.978959853189 0.00734103703871 0.0448718816042 0.116940550506
1595942781585335016    0.150306656802 0.619005352554 0.0836906954535 -0.0127262824318 0.00377470193196 0.394447647085 0.918822532957 0.0154564520344 0.0468159988523 0.122779861093
1595942781609102010    0.157602897459 0.616043823163 0.0803148237544 -0.0133030578585 0.000810384578499 0.194609879636 0.980790174643 0.0169117581099 0.0279233511537 0.119770854712
1595942781633912086    0.163347646215 0.617184543099 0.0830397887843 -0.0129552808186 0.00314102943034 0.272316135892 0.962115490347 0.0128448856995 0.0389769636095 0.120316974819
1595942781659054994    0.163701716405 0.619643018026 0.0922332012315 -0.0131411049991 0.00173454052725 0.254451903756 0.96699458706 0.00808065477759 0.035591557622 0.137877255678
1595942781683975934    0.164599502912 0.623326610213 0.0706990351832 -0.0130293067196 0.00286220199389 0.260655737752 0.965339645588 0.00936511345208 0.0392032489181 0.115361779928
1595942781708997964    0.172077044973 0.593063604397 -0.0168952263693 -0.0110103605504 -0.00679024006371 -0.387783006635 0.921659917955 0.0539910979569 0.124488033354 0.0504535064101
1595942781733872890    0.167226291381 0.62125152159 0.0734917237177 -0.0128242895447 0.00181309616287 0.240216668262 0.97063288764 0.00599445402622 0.0334617868066 0.111229598522
1595942781759018898    0.163442830848 0.622454937344 0.0747133473726 -0.0132607798011 0.000602266285794 0.183365207105 0.982955232866 0.0123153794557 0.0322519615293 0.116434961557
1595942781783967018    0.166915869821 0.620184095586 0.0757360077442 -0.0130674492434 0.00248416781133 0.227505124731 0.973686031995 0.00645891344175 0.0342081300914 0.116469025612
1595942781809061050    0.16895462924 0.623032950492 0.0754152147195 -0.0133597575564 5.30476155404e-05 0.0948096478273 0.995405768892 0.0115015441552 0.0290995892137 0.113259226084
1595942781834872007    0.162014678956 0.634119144434 0.0804423476145 -0.0128515686305 0.0034789880764 0.302704720638 0.952991388172 0.00582816079259 0.0391709953547 0.131749078631
1595942781860281944    0.165800258214 0.593026613389 -0.0207279176983 -0.011732649328 -0.00563083484806 -0.402800746463 0.91519516896 0.0628290101886 0.13290566206 0.0427445471287
1595942781886548042    0.157629950978 0.64189673097 0.0520197598868 -0.0130358049417 0.00105047685781 0.222396318778 0.974868627909 0.00584442354739 0.0403859205544 0.0958488732576
1595942781909118890    0.166093165065 0.591800300439 -0.0208142400721 -0.0114067616228 -0.00657192327363 -0.420359245963 0.90726225533 0.0589036010206 0.135789424181 0.0444004498422
1595942781933975934    0.150091300756 0.636316027199 0.0544939979492 -0.0126646317019 0.00254241772934 0.248812080718 0.968465637854 0.0077086687088 0.036206766963 0.0965796634555
1595942781958884000    0.147481377399 0.634808211804 0.0528007502944 -0.0128597571618 0.00326303228708 0.27223308826 0.96213986765 0.00880536530167 0.0392241925001 0.0952836945653
1595942781984288930    0.164983696016 0.589965807304 -0.0200416223967 -0.0117286904664 -0.00611457279475 -0.397340543148 0.917575905629 0.0592072308064 0.136118069291 0.0448192022741
1595942782009243011    0.174897219926 0.594863441523 -0.0254640918264 -0.0118921835376 -0.00552053289972 -0.365458286257 0.930735376298 0.0559021681547 0.118909344077 0.0322584360838
1595942782033992052    0.178911508659 0.594371542446 -0.0278457805457 -0.0121055103883 -0.00507882767966 -0.352572547423 0.935692396534 0.0489788353443 0.126991674304 0.0289569161832
1595942782058878898    0.179724728109 0.593623426959 -0.0287261163691 -0.0117494355485 -0.00601034319453 -0.341193763141 0.939900336489 0.0459249056876 0.129651755095 0.0287226494402
1595942782085510969    0.178443584842 0.597739366476 -0.0279345169279 -0.0118989096867 -0.00578019392417 -0.373602063241 0.927494745887 0.0556374974549 0.120984010398 0.0260874293745
1595942782108890056    0.176512762112 0.593572355742 -0.028216889733 -0.0122484113195 -0.00508057828819 -0.345016416426 0.938502976309 0.0510156452656 0.130896955729 0.0294383000582
1595942782133843898    0.177131458162 0.599066400072 -0.0288291317854 -0.0120844079353 -0.00529669602002 -0.344253636757 0.938783971783 0.0559052303433 0.120877079666 0.0281891021878
1595942782158730030    0.172680645329 0.596925476498 -0.0269221546592 -0.0120691529773 -0.00519012693217 -0.34605567794 0.938121988813 0.0499701313674 0.121451251209 0.0278520490974
1595942782184024095    0.139126557275 0.652215238314 0.0329290640133 -0.0123515789009 0.00445441384105 0.342009601585 0.939604719613 0.0107269249856 0.0331458374858 0.0738711208105
1595942782208923101    0.170951593413 0.606450478557 -0.0257666642146 -0.0121376813859 -0.00459858812733 -0.310881952902 0.950359900794 0.0508283413947 0.115123152733 0.0342956781387
1595942782236480951    0.172330955371 0.607709830782 -0.0253852826543 -0.0123530741172 -0.00462384094244 -0.288522224965 0.95738234126 0.0498322360218 0.112957313657 0.0354597456753
1595942782258980989    0.173354477097 0.607296475132 -0.0254300294145 -0.0113241152111 -0.00529686342154 -0.290282244612 0.956859407706 0.0469035208225 0.112318314612 0.0353062935174
1595942782283765077    0.173653217094 0.604813714041 -0.0232736972807 -0.0122896710381 -0.00429368544274 -0.319789465465 0.947399190431 0.0462682284415 0.11294773221 0.0363989435136
1595942782308873891    0.171655341433 0.605390047824 -0.0237046923836 -0.011124432567 -0.0061025865997 -0.328590125756 0.944387385924 0.0497669614851 0.113081566989 0.0372092574835
1595942782333766937    0.132343163018 0.638650241961 0.0237778311112 -0.0129160167638 0.00218768519883 0.152051778762 0.98828571128 0.0460157357156 0.0438210293651 0.0872599855065
1595942782359847068    0.169143623808 0.610339578238 0.000396021168916 -0.0112065422485 -0.00608028992657 -0.30357386132 0.95272260087 0.05919162184 0.111354529858 0.0852422341704
1595942782384068012    0.174597422025 0.605219936728 -0.000919122214724 -0.0121024414943 -0.00423412853463 -0.319150118038 0.947617436111 0.0582946315408 0.109500609338 0.0840217396617
1595942782409033060    0.196959494949 0.590521850233 -0.00130565857085 -0.0124991846289 0.00389773289384 0.312351045276 0.949876519647 0.0685331076384 0.077141083777 0.0824298113585
1595942782433943986    0.191267889921 0.593434018525 0.00275769170612 -0.0124330743374 -0.00494788580951 -0.23983424467 0.970721624449 0.0664522871375 0.0815674737096 0.0811509341002
1595942782459009885    0.1898255666 0.589331375425 -0.000757467530637 -0.0128965956008 -0.00336818294274 -0.198943264837 0.979920359285 0.0714881494641 0.0622706972063 0.0795533582568
1595942782483886957    0.191508445438 0.590272623108 0.00519815915029 -0.0108295263796 -0.00722005024331 -0.352259964152 0.935811685056 0.0882835164666 0.0729257315397 0.0827501937747
1595942782508857965    0.189816128509 0.595811010148 0.00145059257968 -0.01279867558 -0.00445369585597 -0.261587872658 0.965084526544 0.0779517367482 0.071235999465 0.084359921515
1595942782533750057    0.187347778143 0.591454902218 -0.00261800015874 -0.0127845664067 -0.00322908260044 -0.16974103587 0.985400481342 0.0805560722947 0.0689150542021 0.077887788415
1595942782558732032    0.189742996362 0.590106341409 0.00763195753304 -0.0132575694648 -2.03810388085e-05 0.0909785414881 0.995764601412 0.0722302570939 0.0849992036819 0.0865512266755
1595942782586260080    0.195202818118 0.588960007085 0.00340282609239 -0.013228043085 0.00146951594669 0.131960009616 0.99116568507 0.0686364844441 0.0845534875989 0.0868366137147
1595942782609047889    0.191049415398 0.592023618684 0.000533385069835 -0.0120902612328 -0.00505282374586 -0.124050423291 0.99218939071 0.0608639940619 0.0869723856449 0.0879980176687
1595942782633733987    0.19032007279 0.58999432538 0.00290548765609 -0.0132217055053 -0.000358269630488 0.0902362428201 0.995832555517 0.0768678411841 0.0868411436677 0.0847128331661
1595942782658894062    0.193573963705 0.590664038933 0.00416644030563 -0.01170230154 -0.00573999978102 -0.269736989048 0.962845815944 0.0784629136324 0.0665606036782 0.0896478965878
1595942782683857917    0.195021376887 0.579407303101 0.00846468213308 -0.0131466570593 -0.00154632434578 -0.0413706623881 0.999056175889 0.0838127508759 0.0676357522607 0.0962623953819
1595942782709022998    0.191320907314 0.594128844715 0.0146206981118 -0.0130960586377 -0.00292164680259 -0.2122457138 0.977124206128 0.0864799618721 0.0783470571041 0.102847799659
1595942782733819961    0.195128930477 0.592920574911 0.0269467491211 -0.0131260211528 -0.00259749812361 -0.158693708121 0.987237189117 0.0801803544164 0.0754163935781 0.120894707739
1595942782759155035    0.20195947491 0.590689982159 0.0281090079234 -0.0133558926923 -0.00219814395802 -0.194581818197 0.980792895733 0.0701461881399 0.0606743246317 0.124163016677
1595942782784729957    0.202136471873 0.591692913385 0.0202972818897 -0.0133971907206 -0.00158933364586 -0.150880607637 0.988459929152 0.0707623958588 0.0634093210101 0.121652193367
1595942782808878898    0.198518779212 0.592549013802 0.0359235599585 -0.0133654319103 -0.00139690533659 -0.0947080901317 0.995414381827 0.0745913907886 0.0737570673227 0.133626788855
1595942782836523056    0.199858003416 0.597405451445 0.0317575565651 -0.013750010773 -0.00096229568482 -0.186473911576 0.982363217701 0.0745943784714 0.0750794634223 0.136955499649
1595942782858856916    0.12794883426 0.573984816498 0.0885059892928 -0.0117462612113 0.00742709443016 0.378365618793 0.925551901371 0.011437304318 0.017256828025 0.124994248152
1595942782883898973    0.13209346958 0.574708051121 0.08322721678 -0.0118111441001 0.00805326166114 0.36525020099 0.930799619966 0.00562908267602 0.0158596057445 0.129603415728
1595942782909008026    0.207796508531 0.590824549068 0.0516352312753 -0.0141394090445 0.00236326917998 -0.0656828344804 0.997737569366 0.0633108243346 0.0709870532155 0.141851395369
1595942782933739900    0.213553664283 0.592800494622 0.0559826817285 -0.0144229228359 0.000176961706951 -0.23361957086 0.972221088072 0.0539842657745 0.0661734417081 0.142272353172
1595942782958988904    0.215034153029 0.591654500009 0.054980001497 -0.0147407350072 0.00104822252855 -0.220011564687 0.975385320458 0.0543007999659 0.0644652470946 0.143659040332
1595942782983920097    0.214025201085 0.592435506864 0.0619510182983 -0.0141644752307 0.0032432307697 -0.0385075531266 0.999152649723 0.0581935755908 0.070439144969 0.142868563533
1595942783008857965    0.216018857634 0.592008748557 0.0593078014798 -0.0144430779391 0.00204109033228 -0.135337770628 0.990692141531 0.0518335662782 0.0668489933014 0.143630623817
1595942783035425901    0.214888567376 0.595926009461 0.0638834073881 -0.0144585875843 0.00191749852615 -0.151815533203 0.988301227523 0.0546874925494 0.06566324085 0.147020593286
1595942783058995008    0.224044368675 0.594665930018 0.0585616413877 -0.0146762593678 0.001122968001 -0.19650690525 0.980391953528 0.0394872091711 0.0641869679093 0.144873023033
1595942783083761930    0.217909921326 0.596520136793 0.0631485005841 -0.0146581187126 0.00176284992038 -0.145713713716 0.989216632266 0.0546754449606 0.068628333509 0.143556654453
1595942783108937025    0.216930439989 0.596812719265 0.0555937579264 -0.0145856125112 0.00155099105366 -0.152241513252 0.98823447419 0.0560391061008 0.0731117203832 0.143757849932
1595942783133630037    0.219140232324 0.593389001531 0.0642357767818 -0.0148707489495 0.00291237636198 -0.14787491794 0.988889977467 0.0451913662255 0.063585922122 0.145628929138
1595942783158668041    0.215090826049 0.596834409691 0.0646149066406 -0.0143814120307 0.00275277061007 -0.0575130105415 0.998237372001 0.0556065365672 0.0724639967084 0.146580696106
1595942783184834003    0.227245821845 0.593386029152 0.0605662479315 -0.0143920656631 0.00186121594803 -0.134862855386 0.990757999997 0.0314234644175 0.0700373202562 0.145650684834
1595942783208904027    0.220251809944 0.594298172829 0.0597861343429 -0.0145286438178 0.00355783151293 -0.0662836207747 0.997688699926 0.0462903492153 0.0679737925529 0.146896451712
1595942783233922004    0.209628835755 0.599221305827 0.0610366108383 -0.0147379840823 0.00209296913791 -0.134452866691 0.990808174141 0.0675781667233 0.0713201165199 0.142472311854
1595942783258800983    0.229868213423 0.594296516009 0.0696606829525 -0.01448669122 0.0047291552676 -0.0789317277354 0.996763539273 0.0321009978652 0.0673550963402 0.149014249444
1595942783283683061    0.229082981752 0.595979280683 0.0762141191748 -0.0149781677135 0.00409715661116 -0.0992286276047 0.994943489482 0.0338198579848 0.0679981559515 0.150119200349
1595942783308923006    0.227997685534 0.597477432334 0.0830425549588 -0.015430625603 0.00370284702881 -0.172200462838 0.984934102017 0.0346251875162 0.0688422247767 0.152995124459
1595942783335264921    0.226638093175 0.598835820783 0.0909399694842 -0.0152534988227 0.00393858940903 -0.150483438037 0.988487002021 0.0353369787335 0.0653731971979 0.153715953231
1595942783358762979    0.233265647079 0.605883340579 0.0914971163225 -0.0143683456482 0.00822318691405 0.0318897036068 0.999354279845 0.0281022619456 0.0686589181423 0.153452754021
1595942783383815050    0.23405339159 0.602568096323 0.101929477111 -0.0146219188887 0.00700342829074 0.000871517132222 0.999868187282 0.0284166410565 0.0592454336584 0.154492765665
1595942783408718109    0.237452393374 0.601816779887 0.109364279383 -0.0148400860507 0.00617247940918 -0.0336802222838 0.99930341487 0.0166051201522 0.0561360009015 0.155593082309
1595942783433640003    0.231360687407 0.607546082115 0.108198503177 -0.0142081138106 0.00647144143134 0.0225995148845 0.999622684754 0.0235911495984 0.0578436665237 0.157049700618
1595942783458549976    0.227456050567 0.60999281601 0.118098339171 -0.0143129612919 0.00682292877123 0.0380264646139 0.999150926923 0.0302507113665 0.0533864684403 0.155470520258
1595942783485313892    0.227301250755 0.619815262975 0.117962711309 -0.0124608602953 0.00798784336718 0.271934483176 0.962201932122 0.0215191841125 0.0519478470087 0.155478522182
1595942783508662939    0.218852910706 0.63398485654 0.116192107239 -0.00999096603675 0.0119229785663 0.448273978833 0.893760853406 0.0128803290427 0.0449946522713 0.155978426337
1595942783533607006    0.218747991034 0.634020636337 0.116162034878 -0.0107675432604 0.0111415388955 0.448598030924 0.893599313325 0.0128891989589 0.0450802110136 0.155794098973
