1595942769799912929    0.0076782063928 0.706238661573 0.0128559916655 -0.00727775723893 0.000538123342155 0.0105296979695 0.999917931699 0.040938783437 0.0679170563817 0.0923263132572
1595942769809751987    0.0076782063928 0.706238661573 0.0128559916655 -0.00727775723893 0.000538123342155 0.0105296979695 0.999917931699 0.040938783437 0.0679170563817 0.0923263132572
1595942769957578897    0.0406211688988 0.163066178079 0.0746109495556 -0.0103067245721 -0.00767821649671 -0.159317210894 0.987143780172 0.0237025525421 0.0394836515188 0.125173255801
1595942769982738018    0.042237980894 0.158703447919 0.0853268726097 -0.0131515061409 -0.0029608960395 0.31912942327 0.947615260633 0.0230419337749 0.0424543991685 0.120844952762
1595942770007302999    0.0486645195675 0.159975688699 0.0782651350959 -0.0127999125821 -0.0013095438382 0.356582732595 0.934175145328 0.0200390852988 0.0450451113284 0.125865966082
1595942770032442092    0.0469097949956 0.154304379669 0.0854149230143 -0.0118801638827 -0.0073990852176 0.0414905993354 0.999040862733 0.0339038856328 0.039003431797 0.127315625548
1595942770057451009    0.0457107550413 0.158683299531 0.0799392937633 -0.010120112795 -0.00756149961671 -0.222156560899 0.974929161268 0.026001047343 0.0396859794855 0.124498799443
1595942770082541942    0.0472181696095 0.157960909359 0.0888156228877 -0.0128788886762 -0.001633416792 0.363989847378 0.931312438004 0.0247266404331 0.0439705215394 0.125330269337
1595942770107278108    0.0466168991022 0.155068641515 0.0845227583647 -0.0123651807812 -0.0033143468858 0.215663959821 0.976383722644 0.0286099184304 0.0462189354002 0.124884366989
1595942770132349014    0.0433406407522 0.15594933938 0.0779648338758 -0.0129314378484 -0.00212888687681 0.358328836935 0.933503449579 0.0308682750911 0.0484878160059 0.125003352761
1595942770157360076    0.0427984736902 0.160487860999 0.087243896516 -0.00766253826273 -0.010486859823 -0.363420757572 0.931534574905 0.0282922256738 0.0405462048948 0.128862470388
1595942770182356119    0.0444416004809 0.158448163532 0.0866693090736 -0.0127878953394 -0.00405872191693 0.23479855378 0.971951457457 0.0260572470725 0.0461106784642 0.125150367618
1595942770207370042    0.0406071837173 0.159780899881 0.071627632169 -0.00844502531168 -0.0103349691918 -0.348116587671 0.937356235029 0.0304213538766 0.0522969961166 0.1249127388
1595942770232614040    0.0423049047732 0.158960567505 0.0799873920281 -0.00889158731521 -0.00956054525909 -0.302099093898 0.953187113381 0.0330438986421 0.0511971972883 0.12717756629
1595942770257642030    0.0406839735985 0.158021982 0.0743144716336 -0.00831991603052 -0.0107070342529 -0.293739972516 0.955789185418 0.0256786178797 0.0514504723251 0.119018234313
1595942770282383918    0.0311717876277 0.161391082205 0.0713210884373 -0.0109741985093 -0.0064398174649 0.0328257394848 0.999380091129 0.0235654301941 0.0273159593344 0.1091677472
1595942770307549953    0.182081860827 0.636574348929 0.00528375428938 -0.00965954494669 -0.00967659956183 -0.138179338389 0.990312843022 0.0399275682867 0.0638648718596 0.0922953858972
1595942770319410085    0.181842951347 0.636540585601 -0.000455522138486 -0.00735834549683 -5.69278193919e-05 -0.136188934719 0.990655553445 0.0398847237229 0.0638765543699 0.0804471373558
1595942770332468986    0.178787149296 0.639026383487 0.00240050747032 -0.010428742789 -0.00824827638201 -0.0844644027096 0.99633778004 0.0507390014827 0.06984770298 0.091369330883
1595942770357542991    0.181040136512 0.642451692674 0.00471715170771 -0.0109611289064 -0.0087208182246 0.000301704752919 0.999901850162 0.0425861664116 0.0702424943447 0.0928486585617
1595942770382460117    0.184781281082 0.642000367505 0.00414428613464 -0.0111888945735 -0.0086434969294 -0.00553375337277 0.999884731443 0.0408385917544 0.0701217874885 0.0897972434759
1595942770407627105    0.18282664443 0.638448985741 0.00477568878265 -0.0101727791114 -0.00842457802902 -0.0814032702565 0.996593722959 0.0440277270973 0.0700366050005 0.0917584896088
1595942770432359933    0.182409179199 0.642232875752 0.00608667917898 -0.0108305513134 -0.00955767644545 -0.0135017078976 0.999804507823 0.0417779944837 0.068244330585 0.0901002660394
1595942770457214117    0.182954393722 0.635596939127 -0.000665225063656 -0.00933730038498 -0.00975284315393 -0.125183682204 0.992041704054 0.0377388373017 0.065698876977 0.0895478799939
1595942770482398033    0.186813254823 0.638320465128 0.00562585302652 -0.0104911618156 -0.00906151596115 -0.0245289014413 0.999602999919 0.0328691229224 0.0655748322606 0.0919894427061
1595942770507534027    0.181313686487 0.6429738409 0.00364754245668 -0.0111284651821 -0.0074142401991 0.0250113472077 0.999597728497 0.0432048887014 0.0703685805202 0.0917464345694
1595942770532453060    0.182412172107 0.63895715181 0.00455018135577 -0.0100301607121 -0.0104289113058 -0.0760880634558 0.99699610846 0.0395103059709 0.0685385838151 0.0914791673422
1595942770557544946    0.188550597538 0.635936976812 0.0025118920624 -0.00956789646584 -0.0111803593362 -0.115401291228 0.993209946036 0.0320766381919 0.0651129707694 0.0903646722436
1595942770582412004    0.181255925333 0.639415400765 0.000379516393681 -0.0101784857427 -0.00898319900142 -0.0674831461439 0.997628049701 0.0425066910684 0.071339584887 0.0903894156218
1595942770607714891    0.178736649134 0.641312870637 0.0027990345395 -0.0109673528257 -0.00812173637337 -0.00870348131147 0.99986899341 0.0511326268315 0.0723895058036 0.0914508402348
1595942770632225990    0.184435045359 0.637740136755 -0.000904218949791 -0.0101687185218 -0.00933614484091 -0.0934620161393 0.99552713931 0.0329087115824 0.0673812106252 0.0896499454975
1595942770657372951    0.185404909078 0.642110368545 0.0053099541781 -0.0105986048278 -0.00945355617153 -0.0317829244434 0.999393889097 0.0338634289801 0.0672124475241 0.0930375233293
1595942770682158946    0.18778154127 0.638195674873 0.00599859514293 -0.00956009389174 -0.0105102875129 -0.0495643730999 0.998669871069 0.0292447656393 0.0576192736626 0.084325067699
1595942770710742950    0.183253512345 0.638653940984 0.00387689683178 -0.0102259857839 -0.00930322950918 -0.0579460336507 0.998223991056 0.0391690470278 0.0697817802429 0.0901566743851
1595942770732353925    0.185495663145 0.637821089896 0.00604516355805 -0.00979318214369 -0.00876645579936 -0.0966304177251 0.995233543047 0.0393053144217 0.0694834589958 0.0905151516199
1595942770757426023    0.18632296656 0.639694725508 0.00536724801592 -0.0106554775843 -0.0071578525345 -0.0651636641995 0.997792023827 0.0362350717187 0.0670606866479 0.0889535024762
1595942770782428026    0.182847379761 0.638160912901 0.00536911347861 -0.0106376081195 -0.0073571014347 -0.0817389593749 0.996569845456 0.0384738221765 0.0646555274725 0.0880391821265
1595942770807547092    0.184208006676 0.637505405431 0.00356682641898 -0.0105417828791 -0.00863127048931 -0.0903496742586 0.995816905031 0.0371649116278 0.0668636411428 0.0909254103899
1595942770810256958    0.184033317844 0.637415026864 -0.00157302077698 -0.00727175514994 -0.000354798890769 -0.0889034226775 0.996013643045 0.0372512079775 0.0667788013816 0.0803832262754
1595942770832289934    0.18256785244 0.639596578369 0.00395571465337 -0.0113354240029 -0.00781504063855 -0.0728040486588 0.997251224016 0.0453417599201 0.0702359750867 0.0913351848722
1595942770857371091    0.184637710515 0.637324817191 0.00617511246092 -0.0111841557485 -0.00717710382988 -0.0906306324475 0.995795908961 0.0336002223194 0.0674049556255 0.0910208895802
1595942770882350921    0.183396579836 0.641099465448 0.0037085773633 -0.0118371424026 -0.00576796919614 -0.0024764790533 0.999910235792 0.0387041643262 0.0687866210938 0.0901154354215
1595942770907248020    0.185309045951 0.639036918122 0.00503320253145 -0.011486653571 -0.00688923551478 -0.0373388052496 0.999212894656 0.0353281237185 0.0672988444567 0.0909997373819
1595942770932475090    0.180793693172 0.641536517129 0.000939538885103 -0.0114987388538 -0.00590347648051 -0.0311943856512 0.999429756548 0.0409000217915 0.0716293379664 0.0896781757474
1595942770957532882    0.188737217063 0.638375072729 0.00459606709851 -0.0115428167585 -0.0058236105888 -0.0705778413821 0.997422486836 0.0307095292956 0.0640682429075 0.0894491001964
1595942770982496976    0.184349131969 0.640910419686 0.00248263176869 -0.0120739970586 -0.00364093385647 -0.0139574163538 0.999823060708 0.0386199690402 0.0702863186598 0.0907283052802
1595942771007397890    0.183922611809 0.640261718233 0.00406889983334 -0.0116984464038 -0.00551656679002 -0.0602676182107 0.998098456084 0.0390164777637 0.0722938105464 0.0911157876253
1595942771032264947    0.182305045508 0.640318070966 0.00503433817143 -0.0116851339463 -0.00587573777379 -0.0340292140686 0.999335252025 0.0407341383398 0.0712034553289 0.0889575853944
1595942771057553052    0.185106368272 0.640824653624 0.00199065635319 -0.0119451095458 -0.00432350225974 -0.0180278312412 0.999756779915 0.0347203910351 0.0644602775574 0.0880923047662
1595942771082449913    0.183552977067 0.641855573478 0.00500874784399 -0.0118951340866 -0.00479307908593 -0.0328866411882 0.999376806319 0.0360836796463 0.0703832879663 0.088619351387
1595942771107604980    0.182200136573 0.639863516907 0.000987732102128 -0.0118711564167 -0.00476176422364 -0.0361883912945 0.999263129302 0.0382398739457 0.0710735246539 0.0924511626363
1595942771132395982    0.181210183629 0.642090365704 0.00568555239027 -0.0118653361844 -0.00420505305614 0.0094889123801 0.999875738213 0.0406634062529 0.0713190063834 0.0909299999475
1595942771157519102    0.18166032727 0.642160201852 0.0012634786355 -0.0116490250499 -0.0036601398907 0.0103563414883 0.999871816676 0.0422773882747 0.0721741765738 0.0898627713323
1595942771182404994    0.182363429531 0.643085633906 0.00583760339874 -0.0119212384663 -0.00312749720918 0.00287986050734 0.999919901411 0.0426684692502 0.0686648413539 0.0905797332525
1595942771207247018    0.184656227537 0.638304679888 0.00122488433491 -0.0115280812932 -0.00468894043736 -0.122263436168 0.992419653854 0.0399177968502 0.0675509572029 0.0931681096554
1595942771232414960    0.181414186703 0.642316079024 0.00572122149441 -0.0120173781733 -0.00256025444096 0.00133891444868 0.999923614596 0.0388271287084 0.0665052235126 0.0933142453432
1595942771257282972    0.181136850803 0.638772239971 0.000798019472401 -0.0117651179977 -0.00379444282585 -0.084262250071 0.996366929105 0.0428432151675 0.0711407065392 0.0901044905186
1595942771282412052    0.186155772831 0.640224617542 0.00463998361163 -0.0118558021083 -0.0036136516689 -0.0465851578253 0.998837426486 0.035544898361 0.0724268108606 0.0912195593119
1595942771310724020    0.181167324798 0.636228809756 0.00242546895926 -0.0108989706639 -0.00673033071829 -0.146898588227 0.989068612314 0.0467904135585 0.0663304775953 0.092128559947
1595942771312654972    0.18101088736 0.636118655771 -0.00384235356862 -0.00732419389639 -0.00129616767619 -0.145700762798 0.989300744897 0.0467523038387 0.0662812367082 0.079545609653
1595942771332492113    0.185337179733 0.636977047865 0.00623749795046 -0.0115941130044 -0.00500828058661 -0.113807057193 0.993422592557 0.0362548828125 0.0681361034513 0.0920776054263
1595942771357315063    0.186578747692 0.638260195033 0.00269967312689 -0.0114210861533 -0.00517337594895 -0.102299707936 0.994674602435 0.0349943302572 0.0628343075514 0.0906025990844
1595942771382430076    0.180441683984 0.641543038577 0.00549837735029 -0.012094668197 -0.00364745289698 -0.0169969847823 0.999775733651 0.0430819131434 0.0725513100624 0.0904358997941
1595942771407361984    0.188814388722 0.633699387876 -0.00159026136991 -0.0107719408573 -0.00607003286242 -0.177142466593 0.984107548249 0.0201465282589 0.0607664510608 0.085988022387
1595942771432425022    0.18352754572 0.642220419949 0.00316672087576 -0.0120869834703 -0.00381990657348 -0.0525385894207 0.9985384368 0.0425117611885 0.0692335218191 0.0901285558939
1595942771457371950    0.178357207454 0.64288997118 0.0044890475865 -0.0123847199043 -0.00083830712923 0.00014635647605 0.999922944298 0.0494870766997 0.0711685866117 0.092901147902
1595942771482346057    0.182359701358 0.641436466268 0.00671318107483 -0.0123250465375 -0.00387289564915 -0.0379307181502 0.999196854743 0.038919698447 0.0713837221265 0.0930474326015
1595942771507349014    0.181217278746 0.638619157221 0.0043244314176 -0.0124137112603 -0.00368906487169 -0.0680307962403 0.997599168672 0.0416718535125 0.069952532649 0.0923241451383
1595942771532449960    0.18441667007 0.639173032968 0.00376986633457 -0.0125345304429 -0.00179127566853 -0.064395826129 0.997844103282 0.0327562764287 0.071014046669 0.0926155000925
1595942771557327985    0.182434194858 0.640577009078 0.00318533103836 -0.0126186914883 -0.0033870868 -0.0639175294897 0.997869653658 0.0405314601958 0.0660690516233 0.0893962904811
1595942771582364082    0.184239666315 0.639779767339 0.00321828248003 -0.0124106878521 -0.00369576047437 -0.0996395015919 0.994939337801 0.0432724133134 0.0660076513886 0.0915331691504
1595942771607209920    0.180376695034 0.639893682307 0.00494790575656 -0.0123444643034 -0.00312376029916 -0.0996785183852 0.994938213808 0.0411145091057 0.0721316486597 0.0900050625205
1595942771632276058    0.188962780319 0.636218788923 0.00338536370342 -0.0115422279126 -0.00530594220367 -0.113078397139 0.993504856582 0.0224692579359 0.0629383251071 0.0867122858763
1595942771657402038    0.184142799061 0.635685332572 0.0034584097867 -0.0122426770563 -0.00464327462787 -0.154665614868 0.987880106307 0.0406702943146 0.0662625730038 0.0899683535099
1595942771682408094    0.184320123881 0.63812181576 0.0062101196199 -0.0127422288515 -0.00300046208483 -0.0871447517043 0.99610964511 0.0371342971921 0.0667875781655 0.0937213078141
1595942771707354068    0.181662788879 0.639893898177 0.00553346458612 -0.0129296085924 -0.00241508946569 -0.0432738946515 0.998976657688 0.0462061874568 0.065920740366 0.0919326394796
1595942771732527017    0.183930561613 0.641267110302 0.00426420756127 -0.0128962268739 -0.00270777225052 -0.0596141844556 0.998134512134 0.0394456125796 0.0676439851522 0.0933411717415
1595942771757575035    0.183162642391 0.641373003837 0.00340432861448 -0.0128440418215 -0.00175927981381 -0.0319297180843 0.999406037918 0.044378079474 0.0689687877893 0.0916852802038
1595942771782371044    0.181080320352 0.638791187445 0.00258913052923 -0.0127426197646 -0.00259878645759 -0.104611255264 0.994428155888 0.0442355200648 0.0682055801153 0.0915749520063
1595942771807324886    0.178494178543 0.63814796893 0.00520584482014 -0.012775955739 -0.00235495870157 -0.0941654234665 0.995471798771 0.0487452670932 0.0684865117073 0.0926460847259
1595942771810401916    0.178381504859 0.637996543665 -0.000541807708965 -0.00749663768913 0.000449412355278 -0.0930076647336 0.995637068792 0.048732586205 0.0686697214842 0.0806938260794
1595942771832504034    0.181746683345 0.637861105811 0.00417462328201 -0.0126993493055 -0.00192929402548 -0.117334412893 0.993009385607 0.0387695319951 0.0675839334726 0.0906290411949
1595942771857310056    0.183084048431 0.642867586291 0.00144757465672 -0.0128407849554 -0.00114645161027 0.0205345006348 0.999706023876 0.0376522317529 0.0711650177836 0.0902965441346
1595942771882307052    0.179753657634 0.639840223698 0.00392920123745 -0.0129929722334 -0.00289464212899 -0.116030072187 0.993156496262 0.0497599989176 0.0672047361732 0.0885406062007
1595942771907289981    0.184159773876 0.640034640827 0.00524032847521 -0.0132651350091 -0.000490556400828 -0.0496679143886 0.998677572507 0.0430319719017 0.0628167167306 0.0937360078096
1595942771932559013    0.18077353378 0.640912872891 0.00117684995798 -0.0130729997365 -0.0012759811383 -0.0401006229173 0.999109307629 0.0467785038054 0.0661462694407 0.0886638760567
1595942771957598924    0.177088637952 0.642456235137 0.00187993408515 -0.0132282138444 -0.000610282969867 -0.000284333932797 0.999912276686 0.0547809191048 0.0703703761101 0.0922215878963
1595942771982426881    0.214411054674 0.595404444772 0.142552883957 -0.0131790265916 0.000503220725724 0.10036057769 0.994863716532 0.0208944305778 0.0359513536096 0.153640806675
1595942772007570028    0.209497306934 0.604274980065 0.128551480573 -0.0133619456395 0.0014861470694 0.218031397431 0.975849147927 0.0207459684461 0.0328209139407 0.152436837554
1595942772032305002    0.208314701405 0.613132448074 0.125679305806 -0.013222291863 -0.000767509683438 0.000715957896822 0.999912030796 0.016221113503 0.0340446867049 0.149244830012
1595942772060344934    0.204192727463 0.61802116692 0.124795436221 -0.0136323336864 -0.0011512745605 -0.0534381434995 0.998477440338 0.0209343452007 0.0347976274788 0.149061188102
1595942772082731008    0.192414700504 0.63417307056 0.033689112465 -0.0133992225781 -0.00195658766974 -0.101319715317 0.994761754335 0.0411586612463 0.0639669820666 0.147994950414
1595942772107383966    0.189446157273 0.635309899243 0.0323524250579 -0.0135656865989 -0.000389589980857 0.0133700618905 0.999818514437 0.0461012497544 0.073740541935 0.146398738027
1595942772132292032    0.190627070699 0.64002457474 0.0302867029085 -0.0134698404351 -0.00012283235871 0.0330995775094 0.999361279158 0.0451370328665 0.0758173018694 0.147894844413
1595942772157468080    0.189616691872 0.63303582552 0.0343766105357 -0.0134994748607 -0.00214584909158 -0.0200470789404 0.999705593731 0.0473192408681 0.0697942972183 0.150242075324
1595942772182667970    0.196455300683 0.634212573608 0.0270085713038 -0.0130307014747 -0.00299297646904 -0.0782131915771 0.99684699908 0.0430277436972 0.0616649836302 0.141273096204
1595942772207324981    0.193858218637 0.637558679 0.0301376444312 -0.0135641357115 -0.00248325242866 -0.038243831216 0.999173286799 0.0495227389038 0.0721256285906 0.136065706611
1595942772232285976    0.19329031433 0.638017545401 0.0231349632476 -0.0136308440662 -0.00284091113165 0.00198887746129 0.999901081948 0.0517725981772 0.0704422965646 0.126296371222
1595942772257256031    0.195412633662 0.640296424021 0.0224749736143 -0.0137912469561 -0.00137469784657 0.103155440734 0.994568683782 0.052060380578 0.0746604800224 0.128646939993
1595942772282459974    0.199789737584 0.640730130913 0.0198865097302 -0.0137113949265 -0.00225067385172 0.0669076859433 0.997662414686 0.0475949496031 0.0685617476702 0.123837985098
1595942772307183027    0.196395622583 0.639482367236 0.0215466784317 -0.0137707415494 -0.000989452273554 0.026778673304 0.99954604212 0.0525636784732 0.0717234015465 0.126756101847
1595942772312778949    0.196658470287 0.639578719185 0.0188441105139 -0.00736077421197 0.00101519076601 0.0165225650361 0.99983588315 0.0521665029228 0.0704494789243 0.120990760624
1595942772332442998    0.190502319359 0.639545215224 0.0186994417088 -0.0138508239075 0.000159392636964 0.203891198458 0.978895555441 0.0628854259849 0.0768257603049 0.116334781051
1595942772357387065    0.185726110835 0.651393528477 0.0136617959532 -0.0136458129967 0.00041017737077 0.194934339553 0.980721278858 0.0710442885756 0.0657949522138 0.107343487442
1595942772382571935    0.189475329297 0.641671073743 0.00735057369385 -0.0120585025198 -0.00651545184123 -0.366531132229 0.930304826662 0.0616956502199 0.0765782818198 0.102897316217
1595942772407290935    0.189036594262 0.646760792363 0.00700475707555 -0.0135404166717 0.00115982569424 0.333347615625 0.94270604065 0.0677936822176 0.0836005955935 0.0996273830533
1595942772432400941    0.196232134652 0.643248666636 0.0137726545909 -0.0124414775749 -0.00543630628615 -0.291733834056 0.956403171407 0.0559334717691 0.0851564928889 0.106213919818
1595942772457561969    0.196716323799 0.646532078323 0.00560922553086 -0.0124429586521 -0.0051004496768 -0.206488872478 0.978356532015 0.0642318800092 0.0785121023655 0.0921804755926
1595942772482500076    0.192383210046 0.648391687166 0.0111382804955 -0.0120863702669 -0.00612062905252 -0.321284076068 0.946885948791 0.0602252222598 0.0842708349228 0.0983638316393
1595942772507250070    0.192686894376 0.647748662728 0.0074981761031 -0.0126678856454 0.00409937908453 0.442751280614 0.8965456058 0.0547818355262 0.0877237692475 0.0948789417744
1595942772532325983    0.187072329104 0.657094385805 0.00894343975866 -0.0130147604188 0.00321208504513 0.247726717202 0.968737204873 0.0753170847893 0.0763116925955 0.10359569639
1595942772557169914    0.192856659745 0.649459943752 0.0357436488294 -0.0124394045648 -0.00427653705646 -0.302630905041 0.953017055335 0.0540851727128 0.0839596912265 0.15012691915
1595942772582386016    0.193461694895 0.64958688836 0.0149163235181 -0.0131470479465 0.0034479802275 0.453651484504 0.891075528319 0.0537657923996 0.0872509777546 0.106897860765
1595942772607322931    0.19197675827 0.646242463806 0.0202897516818 -0.0128364245296 -0.00431319648704 -0.20502714079 0.978662604824 0.0652728229761 0.0804860815406 0.116906329989
1595942772632380962    0.196125367439 0.64493749652 0.02041719521 -0.0126420733194 -0.00451887876829 -0.252898649135 0.967399623208 0.0573952272534 0.0807401612401 0.125399932265
1595942772657294034    0.195680896452 0.64672370911 0.00797931599514 -0.0129594585859 -0.00374362831784 -0.20478921441 0.97871314252 0.0601744651794 0.0804874226451 0.0970578417182
1595942772682357072    0.200918495406 0.648862257962 0.0231952861061 -0.0122599519007 0.00583844042168 0.555513633424 0.831396541533 0.0542411804199 0.0851496681571 0.12920089066
1595942772707175016    0.201361324119 0.654110247451 0.0282116266366 -0.0133381015389 -0.00314145256707 -0.0422869354941 0.99901153217 0.0597354732454 0.0758319199085 0.126681923866
1595942772732130050    0.201718044696 0.652482796868 0.00760270497908 -0.0135531406681 -0.00117174123218 -0.0759595010765 0.997018100937 0.0607306733727 0.076610840857 0.0900259763002
1595942772757348060    0.195186760154 0.649704774979 0.0303340994117 -0.012524394389 -0.00507655421971 -0.29740820818 0.954654767887 0.0588144473732 0.0877467691898 0.134321853518
1595942772782377958    0.196182774863 0.648171685651 0.0227694777309 -0.0128512304376 0.00425700882581 0.497526893234 0.867342904658 0.0529442839324 0.0882287174463 0.129679739475
1595942772807260036    0.200302331882 0.646212512511 0.0226817699685 -0.0125045345375 -0.00557055946786 -0.254688227293 0.966926322096 0.0578249134123 0.0815610811114 0.124076373875
1595942772808649063    0.20019141371 0.645929540532 0.0154105976513 -0.00741881775727 -0.0012255114269 -0.251392528081 0.967856009998 0.0578611604869 0.081090092659 0.109740406275
1595942772832309007    0.202208959444 0.646073290077 0.0239256881286 -0.0129337998347 -0.00414469580854 -0.188373752749 0.982003496732 0.0569258108735 0.0759011954069 0.12233068049
1595942772857193946    0.199070532779 0.648116386779 0.012628616643 -0.0124058147353 -0.00518087911477 -0.188005437815 0.982075969365 0.0522048436105 0.0794269517064 0.105828978121
1595942772882402896    0.201133832156 0.647073947803 0.00405575675824 -0.0130287897433 -0.00382904637538 -0.209846435032 0.977640047638 0.0517068952322 0.0745241865516 0.0877065882087
1595942772907512903    0.203261949913 0.651516275313 0.0241252888245 -0.0132883273927 -0.0030902815281 -0.0711339842467 0.997373464055 0.0603225342929 0.0769291743636 0.123243123293
1595942772932380914    0.201186553627 0.647471942524 0.0174449807258 -0.012963046811 -0.00413313410093 -0.186110969668 0.982434518728 0.052595295012 0.0752859711647 0.122271925211
1595942772957190990    0.200949403969 0.646585409909 0.0247816056073 -0.0131224224889 -0.00327502298062 -0.148538112955 0.98881419147 0.0641211941838 0.0774728134274 0.136419057846
1595942772982140064    0.187825429964 0.656452074677 0.0128677757799 -0.0132979355866 0.00195591234793 0.274975602829 0.961357247419 0.0572386272252 0.0690042003989 0.11275524646
1595942773007190942    0.188430688174 0.648491748063 0.0267225716352 -0.012905544242 -0.00394804671911 -0.205136761881 0.978640265256 0.0648607239127 0.0627055615187 0.131038293242
1595942773032208919    0.207321763048 0.6542169527 0.0247740922276 -0.0133253803339 -0.00180514074752 -0.0647434805804 0.997811333584 0.0579331815243 0.0676292851567 0.123392082751
1595942773057341098    0.20151120302 0.656908244084 0.0218420561893 -0.0137062495338 -0.000582328120257 0.0290810292826 0.999482912987 0.0561538636684 0.0713957548141 0.115619070828
1595942773082212924    0.197917226531 0.659524451426 0.0168373323906 -0.0133994146157 0.000254591204617 0.101462686609 0.994749070921 0.0532817468047 0.0753188580275 0.11495372653
1595942773107234954    0.187927700247 0.645907188245 0.0243854214332 -0.0127201548224 -0.0042044951968 -0.231727187974 0.972688557677 0.0625941306353 0.0625276118517 0.127841100097
1595942773132452964    0.189807315244 0.656632405143 0.0195224296071 -0.0132434117938 0.00339416640542 0.30845961575 0.951139189146 0.06761521101 0.0750298798084 0.115061052144
1595942773157279968    0.194468806511 0.652312736997 0.0195846086761 -0.0132987047182 0.00122168452072 0.137110366721 0.990465748664 0.0630141347647 0.0801013931632 0.120595544577
1595942773182571887    0.190388432559 0.650043070103 0.0162882116748 -0.0132806493281 0.00262047772906 0.3367403662 0.94150023007 0.0662267282605 0.0808162987232 0.118940234184
1595942773207178115    0.195226191023 0.652070056397 0.0201519877713 -0.0136704796852 0.000376529343636 0.173169992704 0.984796999304 0.0561504401267 0.0786125138402 0.125205561519
1595942773232363939    0.190802155437 0.64709229395 0.0258328797745 -0.0126342103606 -0.00505312361662 -0.260754327938 0.965309288846 0.0688091441989 0.0667235776782 0.132299765944
1595942773257474899    0.188705741954 0.655944363722 0.0188740326951 -0.0134275138957 0.00265310539394 0.267948196448 0.963336092401 0.0605117790401 0.0795205458999 0.122930794954
1595942773282330989    0.191296403575 0.650779346601 0.00610431189005 -0.0136600427565 0.000309739579895 0.217178628027 0.976036244625 0.059600122273 0.0792236998677 0.0928414016962
1595942773307344913    0.191455013841 0.654239819324 0.00937385848487 -0.0133692318399 0.00166258385793 0.24531423887 0.9693500006 0.0487143695354 0.0734378099442 0.100402861834
1595942773310906887    0.191358487739 0.65444733094 0.0174429416557 -0.00682207093715 0.00315213974541 0.244418794004 0.969640642971 0.0479386523366 0.0732929334044 0.116430364549
1595942773332374095    0.185113508802 0.650354181769 0.0117251665369 -0.0119249777158 -0.00644455574418 -0.369331750336 0.929198752045 0.0602704323828 0.0720441639423 0.100684739649
1595942773357172966    0.189602673667 0.65278513747 0.00687057370484 -0.0131741164664 0.00225446888865 0.292445595078 0.95618875435 0.0592923350632 0.0817754045129 0.0939809381962
1595942773382383108    0.184461240019 0.649787309638 0.004386245047 -0.0124989748276 -0.00510255756029 -0.278908593919 0.960222753205 0.0468163080513 0.0696253627539 0.0954548418522
1595942773407485961    0.186065885361 0.655096268205 0.0105675418303 -0.0117061075186 -0.00634233820513 -0.366943399034 0.930147990213 0.0553277395666 0.0784392654896 0.102500796318
1595942773432256937    0.186298036146 0.655158958748 0.017208760917 -0.0111173170603 -0.00686528611907 -0.339223367588 0.940615107252 0.0468661375344 0.0789104476571 0.109578840435
1595942773457653999    0.180038051297 0.652269173884 0.0153153592854 -0.012293542981 -0.00427642815547 -0.230618972378 0.972957075385 0.0390627980232 0.070954144001 0.108683086932
1595942773482597112    0.18751250773 0.6562768049 0.020617039418 -0.0121305697883 -0.00535445489191 -0.303758259484 0.952656863138 0.0455519966781 0.0818793997169 0.114512212574
1595942773507213115    0.189007502642 0.657034362737 0.00734545881958 -0.0122211510175 -0.00520118573848 -0.29054460206 0.956769264425 0.0430834628642 0.0804430469871 0.0870105326176
1595942773532336950    0.183681817245 0.656829232656 0.006521666818 -0.0118089216145 -0.00601591087655 -0.261322926647 0.96516044583 0.042903535068 0.0811553373933 0.0972062274814
1595942773557470083    0.186131477526 0.651197190372 0.0144969454796 -0.0129106790099 -0.00273343470135 -0.161394332044 0.986801759365 0.0505960322917 0.0657209679484 0.111873038113
1595942773582257986    0.175867573915 0.654900898537 0.0181692935566 -0.0125511305607 -0.00389646440808 -0.145387400937 0.989287516517 0.0361763499677 0.0689501836896 0.119324155152
1595942773607553005    0.182798484259 0.661255558907 0.0230329573151 -0.0119662486296 -0.00429025619718 -0.273395852278 0.961817607737 0.0507558509707 0.0872817859054 0.132253006101
1595942773632529973    0.183147031586 0.668015701806 0.020133593201 -0.0115827698821 -0.00462131156298 -0.37824205815 0.925622724639 0.0615893416107 0.100924238563 0.124044954777
1595942773657649993    0.175689619686 0.663011486681 0.0213527399588 -0.0121136419901 -0.00291334842731 -0.223824297507 0.974549873492 0.0563353486359 0.0700031369925 0.125558853149
1595942773682365894    0.181202266136 0.662808868394 0.0227448198694 -0.0114862553857 -0.00421827034094 -0.154722324213 0.987882216928 0.0551662407815 0.0687719881535 0.12236622721
1595942773707612991    0.182271972261 0.669380832155 0.0178604465931 -0.0119399374103 -0.00223449831422 -0.085068596799 0.996301048253 0.0548007078469 0.0636679306626 0.12314504385
1595942773732512950    0.181193378779 0.672679975475 0.0218479544742 -0.0117182214389 -0.00379167617729 -0.242588399384 0.970051119768 0.0585132278502 0.09531070292 0.124994367361
1595942773757198095    0.179853891881 0.673940271698 0.0211422632368 -0.0120502924642 -0.00308116806577 -0.160680992286 0.986928019449 0.0444281473756 0.0781782120466 0.123174838722
1595942773782543897    0.181000764229 0.670610282767 0.0200284296984 -0.0118605197238 -0.00247824128259 -0.061877601862 0.998010194727 0.0523765273392 0.0633861273527 0.124840669334
1595942773807353973    0.178933957195 0.668209208857 0.0175085469318 -0.0118994472393 -0.00231377581874 -0.110132215507 0.993843018139 0.0423950701952 0.0636253133416 0.122787579894
1595942773812787055    0.178846420576 0.668036223535 0.0152944130988 -0.00749927844216 -0.000834161582792 -0.110145705337 0.993886808743 0.0422875992954 0.0635784417391 0.119122542441
1595942773832334995    0.178600644303 0.667940129952 0.0180370357139 -0.0119248385086 -0.00306154523555 -0.123921660591 0.992215625358 0.050989151001 0.0658131986856 0.122737623751
1595942773857460975    0.176392735199 0.670593819468 0.0234612883696 -0.0116000193945 -0.00300967644118 -0.0805188787885 0.996681038024 0.0414472781122 0.0662023276091 0.121677838266
1595942773882474899    0.177633700881 0.675172913332 0.0182141306565 -0.0119737096151 -0.00318023084889 -0.15926570083 0.987158018227 0.0336095355451 0.0827837660909 0.121393606067
1595942773907694101    0.172138116619 0.675379056404 0.0206538974681 -0.0117099023997 -0.00363324954886 -0.139040624338 0.990210776788 0.0453996025026 0.0841946676373 0.126193329692
1595942773932416915    0.176591091051 0.674658741346 0.0258625629928 -0.011998154982 -0.00224991234099 -0.155906200959 0.987696430425 0.0443807579577 0.0779974907637 0.1234838292
1595942773957257986    0.17714372135 0.664605732445 0.0218698875514 -0.011260678608 -0.0040220625167 -0.144928880753 0.989369819458 0.0498317629099 0.0704934373498 0.124123260379
1595942773982300996    0.173499100579 0.668987633665 0.020773613266 -0.0120303090493 -0.00253523933659 -0.0945639707549 0.995442866096 0.0381065942347 0.0653568059206 0.123596079648
1595942774007359981    0.177945722724 0.66804375806 0.0198334450491 -0.0117324433786 -0.00286783910618 -0.129605053783 0.991492135776 0.0386569313705 0.0624602027237 0.123261138797
1595942774032404899    0.18369006884 0.669046461467 0.0205211952888 -0.0126337040656 -0.000475828073579 0.173673975539 0.984722048768 0.073241956532 0.081683665514 0.124641783535
1595942774057364940    0.18496077608 0.660718913574 0.017418731309 -0.0120748268218 0.00303489638072 0.400708387661 0.916121048781 0.0458834469318 0.098700158298 0.122687891126
1595942774082703113    0.1904016806 0.662151128776 0.019680541971 -0.0119537217646 0.00333804016839 0.38083554866 0.92455949019 0.0281057953835 0.0960247814655 0.125324398279
1595942774107423067    0.192554403334 0.658603774689 0.0184639616689 -0.012913003995 0.000715381088846 0.361298668669 0.932360453138 0.0292773619294 0.0911774635315 0.122382432222
1595942774132455110    0.187044617977 0.655847521803 0.0171210919504 -0.0125714012856 0.00216305723697 0.35056127324 0.936452921805 0.0381861850619 0.100586026907 0.123012848198
1595942774157289028    0.192023532622 0.659488507724 0.0180314968405 -0.012045045494 0.00291078353403 0.366876882661 0.930186968941 0.0258250627667 0.0985752418637 0.122760593891
1595942774182512044    0.193415743474 0.657756522032 0.0175548578412 -0.012215317271 0.00217982171976 0.362125813027 0.932046635067 0.0278840716928 0.092367850244 0.122030317783
1595942774207456111    0.190994205941 0.658311676859 0.0166250002848 -0.0120417588918 0.00264169392756 0.356045424346 0.934387325095 0.0285196192563 0.0986657217145 0.121248081326
1595942774232271909    0.192343988978 0.655007098154 0.0169326720288 -0.0127532544396 0.00186510927589 0.373943992098 0.927361723732 0.0347530953586 0.0927444696426 0.121109724045
1595942774257689952    0.192789537689 0.656480154673 0.0190225361317 -0.0121985371237 0.00221713319959 0.346932046318 0.937808314769 0.0266040395945 0.0939338356256 0.121682405472
1595942774282428979    0.194800281334 0.659662474834 0.0179856498371 -0.0125013731109 0.00192271025162 0.357607342316 0.933786382197 0.0223380811512 0.100223064423 0.124060921371
1595942774307543992    0.191135168485 0.658238343315 0.0192839258422 -0.0123157841083 0.00261615381069 0.356588374009 0.93417675454 0.0301316305995 0.0961409136653 0.125163644552
1595942774316339015    0.190846122538 0.658470034589 0.0176174673388 -0.00623677624717 0.00425875590068 0.356973732895 0.934083893258 0.0301751177758 0.0958680659533 0.121819503605
1595942774332532882    0.193424586239 0.658225509949 0.0188246374083 -0.0123174470038 0.0026701509403 0.362224665713 0.932005602098 0.0241901818663 0.0982085093856 0.123200282454
1595942774357352018    0.192882157389 0.658701791026 0.0186361869918 -0.0118934596784 0.00409076711202 0.356258740156 0.934302692549 0.0227249450982 0.0944909155369 0.122613176703
1595942774382391929    0.192446856053 0.658510559635 0.0210170805499 -0.0124831873362 0.00262785615732 0.371956874074 0.92816235015 0.0312893539667 0.0933291614056 0.125197246671
1595942774407322883    0.191423789724 0.656288818457 0.0185542610015 -0.0121453234562 0.00323038059965 0.369564400419 0.929120126626 0.0301422420889 0.0961333066225 0.125977233052
1595942774432480096    0.194033978543 0.657690985345 0.0220279103613 -0.0121419807462 0.00284723526063 0.347746909449 0.937505494663 0.0239259973168 0.092898696661 0.125087618828
1595942774457592010    0.191701580744 0.656107045932 0.0196687530915 -0.0126158833405 0.00154925301933 0.354712670069 0.934888956505 0.0316007621586 0.0973104387522 0.123522855341
1595942774482323884    0.190895784538 0.656423011794 0.0170975382595 -0.011913467434 0.00342197118486 0.354915745701 0.934816117138 0.0293077174574 0.0908188968897 0.122906759381
1595942774507314920    0.192915064699 0.66033916809 0.0190990964277 -0.0123354824635 0.00198689248719 0.350854947552 0.936346460403 0.023533815518 0.0938338711858 0.122120685875
1595942774532557010    0.192250345252 0.669060516568 0.019118870841 -0.0123127017176 -0.00207318487077 0.00986929079111 0.999873340169 0.0591450929642 0.071822360158 0.125673547387
1595942774557435035    0.183638453229 0.672224316711 0.0241851973295 -0.0106998735114 -0.00638236854762 -0.34604631104 0.938134707115 0.0504259876907 0.0806185603142 0.122656725347
1595942774582237005    0.182237281656 0.679978379324 0.0166727781341 -0.0112293846152 -0.00496566477832 -0.326355770614 0.945167262489 0.0580204166472 0.0847834944725 0.122767545283
1595942774607232093    0.184060444866 0.671684200358 0.0235876100971 -0.012042587811 -0.00287406144678 -0.149015091063 0.988757411343 0.0611959248781 0.0757869109511 0.125433027744
1595942774632447004    0.182394203029 0.666499572504 0.0238712310564 -0.0117073305225 -0.00410170220469 -0.221052673468 0.975182972577 0.0511819757521 0.0773818269372 0.124533452094
1595942774657634973    0.184542971155 0.666951133012 0.0247090377225 -0.0116878200104 -0.00368340839747 -0.188318383482 0.982031574751 0.0507054850459 0.0812213122845 0.124043360353
1595942774682337999    0.176947577464 0.672564134331 0.0234388092137 -0.0110921914951 -0.00544759518491 -0.324948064112 0.945651120987 0.0571516416967 0.0888466015458 0.126142635942
1595942774707329034    0.178165109953 0.667912047185 0.0189864307846 -0.0116097754816 -0.00388576014081 -0.233421168907 0.972298653649 0.0512407869101 0.0831550583243 0.126181095839
1595942774732660055    0.178440646774 0.675893234504 0.0261747451912 -0.0111524605577 -0.00544166320613 -0.321452523338 0.946844383288 0.0577461272478 0.0945498198271 0.125204786658
1595942774757303953    0.181909398838 0.669580513503 0.0210339194442 -0.0118295629096 -0.00334674856251 -0.160735108487 0.986921012855 0.0544715225697 0.0749772712588 0.124056950212
1595942774782540082    0.180729668343 0.674814860206 0.0229476687284 -0.0111875541114 -0.0046481731655 -0.356588721392 0.934182914046 0.0492558665574 0.0979741513729 0.126682639122
1595942774807329893    0.181679892098 0.671216687458 0.0231077265956 -0.0115759139983 -0.00394061404676 -0.297375796261 0.95468220135 0.0477822870016 0.0921662226319 0.128591328859
1595942774810436964    0.180736400804 0.674735144095 0.0206142364915 -0.0069176411284 -0.00267435816709 -0.354903513263 0.934873515682 0.0489583201706 0.0981602370739 0.121479384601
1595942774832242012    0.169518757942 0.670595325861 0.0228630877381 -0.0120010300439 -0.00247609026144 -0.0837438650156 0.996411967676 0.0415483526886 0.0686713084579 0.125712275505
1595942774857187032    0.1692840194 0.668688840771 0.024364785273 -0.0117868292568 -0.00270825940387 -0.136830390785 0.99052066114 0.0389929227531 0.0706207454205 0.125726476312
1595942774882179021    0.17411276915 0.667312113643 0.0151355745652 -0.0121237621295 -0.00284074143228 -0.120910393655 0.992585321918 0.0293580032885 0.0625530779362 0.118513859808
1595942774907222986    0.184749355411 0.670322257397 0.01405078741 -0.011441264716 -0.00485595508613 -0.242658976255 0.970032029577 0.0478342436254 0.0870607942343 0.107363961637
1595942774932605981    0.187433441563 0.671016099657 0.0134903639938 -0.0112301802797 -0.00505260092317 -0.303210312706 0.952844090365 0.0365413054824 0.0813521444798 0.100745044649
1595942774957271099    0.187709259038 0.671775435099 0.00841268663606 -0.0118852776452 -0.00332085527851 -0.162171752992 0.98668537773 0.0467780567706 0.0774622857571 0.099397175014
1595942774982326030    0.184585831931 0.671404071332 0.00844425490466 -0.012085453914 -0.0033228241654 -0.164323570648 0.986326854938 0.0490698777139 0.0737761557102 0.0962206944823
1595942775007345914    0.184876363986 0.673235698544 0.00826920913331 -0.0110405910627 -0.0053456681576 -0.324592563506 0.945774390062 0.050333160907 0.0820855945349 0.0966125428677
1595942775032248020    0.172588760867 0.665124359968 0.00594440468729 -0.0117222296886 -0.00327004466354 -0.175166113771 0.984463675676 0.0383525751531 0.0677060484886 0.0980127975345
1595942775057164907    0.188477569094 0.666352473291 0.00381310412372 -0.0113769561081 -0.00459645819233 -0.220651563317 0.97527551238 0.0430603325367 0.0741305872798 0.0960001349449
1595942775082442045    0.186166698991 0.6646936672 0.00673952965494 -0.01112367489 -0.00544257156949 -0.22745409467 0.97371005802 0.0456765890121 0.0698502957821 0.094015724957
1595942775107301950    0.184196350612 0.670341925121 0.0050037181003 -0.0113480436949 -0.00518339733238 -0.270869077584 0.962535348497 0.0491877347231 0.0892135798931 0.097153827548
1595942775132375955    0.182796863798 0.672678696145 0.00437875818884 -0.0111213953303 -0.00519626094397 -0.277534958566 0.960637111615 0.0470097772777 0.0827053561807 0.0939085334539
1595942775157141923    0.183795295892 0.668113598515 0.00924910600293 -0.0115775166857 -0.00357792504562 -0.195086355568 0.980711207966 0.0415548197925 0.0732924044132 0.0966307520866
1595942775182209968    0.185843145977 0.672516999969 0.0103570700276 -0.011801494018 -0.00305480327933 -0.158864736381 0.987225095128 0.0500334277749 0.0806408151984 0.097353450954
1595942775207509994    0.182061492742 0.669233448511 0.0100423083832 -0.011196372713 -0.00487656458938 -0.188194640219 0.982055822114 0.0388677380979 0.0738075971603 0.0950686112046
1595942775232393980    0.185295013491 0.673555922411 0.00676094171134 -0.01168737175 -0.00432074256901 -0.23396812777 0.972164415988 0.0372435078025 0.0776665210724 0.0902969911695
1595942775257311105    0.180755410814 0.669816108992 0.00750022256186 -0.0120667279765 -0.00364958599763 -0.158814990749 0.987227873042 0.0452983267605 0.0727129653096 0.0940800979733
1595942775282574892    0.183763172789 0.669476523774 0.015567901687 -0.0114631641394 -0.00547604903801 -0.220467660788 0.975311549866 0.0448495037854 0.0725890100002 0.104579851031
1595942775307271003    0.185451201465 0.670928966463 0.0128513254211 -0.0116391520615 -0.00520482698627 -0.223545502717 0.974610100568 0.0466646924615 0.0719181150198 0.100893214345
1595942775313287973    0.183840919277 0.669527678971 0.0167368176669 -0.0073927501285 -0.00088442983455 -0.218522476822 0.975803511037 0.0441880002618 0.0727330595255 0.106738887727
1595942775332495927    0.178733978599 0.672350930839 0.00269680095595 -0.0119002561197 -0.00404938228769 -0.201711970611 0.979364215866 0.0355630218983 0.0729647278786 0.0947172492743
1595942775357235908    0.180690957399 0.673889017948 0.00604605271666 -0.0118679427818 -0.00436993176581 -0.220059320575 0.975404506376 0.0412235632539 0.0756432265043 0.100042589009
1595942775382260084    0.183938748588 0.66881765991 0.011331102229 -0.0118449091753 -0.00411211110327 -0.166755801447 0.985918501375 0.0487670972943 0.0714609771967 0.102003008127
1595942775407331943    0.182603041481 0.671528977722 0.00465384464017 -0.0118568851453 -0.0042490935891 -0.213853974133 0.97678443744 0.0332300513983 0.0735413432121 0.0975297689438
1595942775432460069    0.181823489724 0.670295502058 0.0108088874374 -0.01215915706 -0.00382731920567 -0.14039354578 0.990013716486 0.0406283773482 0.068858653307 0.0986257269979
1595942775457376003    0.183349080021 0.669866839096 0.0114595140351 -0.0119987686366 -0.00310661902343 -0.202848416193 0.97913170642 0.047313451767 0.0755276381969 0.10226624459
1595942775482450008    0.179304963508 0.670964711055 0.00944231297331 -0.0118392313592 -0.00507613586332 -0.212352721384 0.977108175775 0.0415711924434 0.0789930224419 0.100985176861
1595942775507539987    0.182126322041 0.67403110061 0.0109882278716 -0.0120188924935 -0.00386575067717 -0.204758256103 0.978731147329 0.0448910519481 0.0720422938466 0.109055653214
1595942775532511949    0.179515682533 0.673985883102 0.0174607665718 -0.0119368009863 -0.00350779270676 -0.186241860833 0.982425151065 0.0382845550776 0.0804817005992 0.111444093287
1595942775559602022    0.179732487202 0.672403888529 0.0160515773929 -0.0119459871893 -0.00373906150009 -0.197598595222 0.980203095269 0.0432816743851 0.078666895628 0.120074048638
1595942775582346916    0.168368193756 0.678275288502 0.0191368402227 -0.0117854648063 -0.00341530967702 -0.206463310869 0.978377401489 0.050282381475 0.0953598693013 0.115492068231
1595942775607523918    0.170735133143 0.676779070875 0.0167069664729 -0.0122563064708 -0.00116963451179 -0.139319576714 0.990170929916 0.0522434189916 0.0862106382847 0.119908519089
1595942775635613918    0.169515304612 0.674624856839 0.0152565279933 -0.0120514468178 -0.000993452801466 -0.0552767258695 0.998397846181 0.0470500476658 0.0806749537587 0.116120278835
1595942775657672882    0.170573173618 0.676685844107 0.0168658705875 -0.0121686085911 -0.00153573755965 -0.12474042271 0.992113599049 0.0461468100548 0.0870704874396 0.117727711797
1595942775682368040    0.169710355186 0.679441245565 0.019276640503 -0.0123804004605 -0.000346222034887 -0.0914469476475 0.995732926834 0.0474892631173 0.0895920917392 0.118004590273
1595942775707448005    0.171185088985 0.677353903571 0.0211735904737 -0.0119483822348 -0.00258526667562 -0.0781478089749 0.996866827872 0.0462136007845 0.0873238891363 0.117677785456
1595942775732373952    0.169078613401 0.678215335094 0.0215786709109 -0.0122717129101 -0.000960226409078 -0.0303884494095 0.999462368061 0.0487306453288 0.0871678590775 0.116681821644
1595942775757682085    0.171001729682 0.680478956766 0.0161034124689 -0.0119433957914 -0.00278055526724 -0.0989208450984 0.99501974363 0.0512144081295 0.0905175730586 0.11902026087
1595942775782594919    0.170014265973 0.67318254305 0.0157261890751 -0.0121485432871 -0.00122483157884 -0.0313143260935 0.999435003222 0.0492868088186 0.0776239484549 0.118743941188
1595942775807298898    0.17025283409 0.678227368524 0.0174364799153 -0.0121117261228 -0.000731042406195 -0.090450148215 0.995827064482 0.0548386797309 0.0871984064579 0.117728196084
1595942775810759067    0.169682156667 0.674068663694 0.0166874611773 -0.00736306081017 0.000320808944815 -0.0489502872493 0.99877402439 0.0489514954388 0.0804743021727 0.11741027236
1595942775832540988    0.169673098645 0.674200665867 0.0169127200838 -0.0121393284941 -0.00142862239503 -0.0643925571614 0.997849785451 0.047308344394 0.080034352839 0.112172909081
1595942775857465982    0.171933994177 0.675728012853 0.0126419895403 -0.012182479954 -0.00131133385163 -0.0977264072165 0.995137888394 0.0468681715429 0.0861847773194 0.112603165209
1595942775882553100    0.17226592367 0.677649865718 0.0159055978881 -0.0117460484001 -0.00331042070644 -0.125314531268 0.992042005015 0.0445134751499 0.0892322584987 0.116736851633
1595942775907387971    0.172184363153 0.675524510361 0.0179263211327 -0.0120935385176 -0.00249513359706 -0.0601171259408 0.998114949193 0.0459241047502 0.082741945982 0.11643756181
1595942775932450056    0.169391706224 0.678477943109 0.0135659840553 -0.0118750832097 -0.00272642780335 -0.142029515067 0.989787434675 0.0455372668803 0.0905354619026 0.109375216067
1595942775957432031    0.168553327283 0.679667190696 0.0124529740417 -0.0118189076461 -0.00323245109898 -0.140885367192 0.989950088637 0.044096197933 0.0956797525287 0.110817492008
1595942775982274055    0.171395252617 0.676421684193 0.0211934838505 -0.011948943673 -0.00344811186553 -0.0742154832719 0.997164678131 0.0381325408816 0.0802512392402 0.114089280367
1595942776007293939    0.170655849627 0.677028707435 0.0153196603374 -0.0121170278451 -0.00215173148237 -0.108154277655 0.994057945953 0.0466502457857 0.0840081721544 0.115803286433
1595942776032632112    0.16980321858 0.677232660013 0.0184600073326 -0.0120942409891 -0.00328842027093 -0.0699576325303 0.997471225288 0.0462719984353 0.0862771943212 0.117123410106
1595942776057399988    0.171495220795 0.676457933177 0.0136235727647 -0.0124828191943 -0.00186510951595 -0.0168928227151 0.999777641845 0.0399531647563 0.0781301185489 0.112069413066
1595942776082364082    0.16998946181 0.677519378341 0.0151545590487 -0.0122357829238 -0.00301775356722 -0.0674988950338 0.997639753593 0.0409104526043 0.0779821947217 0.107454694808
1595942776107630014    0.171604718257 0.67741067497 0.0104090536675 -0.0122410111947 -0.00205381029724 0.00591098323491 0.999905495427 0.0380421243608 0.0770031958818 0.105948083103
1595942776132438898    0.169799752228 0.676828395872 0.0137800194077 -0.0121214830268 -0.00249396956066 -0.0476295073447 0.998788405917 0.037045519799 0.0783119276166 0.106057733297
1595942776157598972    0.168923739398 0.675267328087 0.00901810795068 -0.0120625371594 -0.00205661965642 -0.0704604293225 0.997439518674 0.037759821862 0.072858646512 0.106206201017
1595942776182331085    0.172585400979 0.677808586411 0.0142088566134 -0.0122564609002 -0.00206183549154 -0.0225803618801 0.999667772441 0.0253314208239 0.0783272236586 0.106668487191
1595942776207295894    0.168897099808 0.677547106035 0.0138489311583 -0.0124376971861 -0.00264605189124 0.0073303382418 0.999892278318 0.036760430783 0.0773576721549 0.105176828802
1595942776232261896    0.170284484727 0.67481650823 0.01023407361 -0.0122668536135 -0.00454452815968 -0.0672930914828 0.997647488547 0.0411663651466 0.0782301425934 0.10408462584
1595942776257330894    0.171598288777 0.678419237272 0.0106887401296 -0.0126330387544 -0.00230628264837 -0.0220904864345 0.999673495598 0.0377201884985 0.0759502500296 0.105970107019
1595942776282488107    0.168943686606 0.676974566774 0.00540402847251 -0.0123452942638 -0.00342122039272 -0.0452999829364 0.998891285629 0.0378613807261 0.0748708844185 0.0998011752963
1595942776307327985    0.168849496333 0.676036723898 0.00556151011108 -0.0123825399865 -0.00352800433382 -0.0613191178048 0.998035165553 0.037490658462 0.0778241381049 0.0969898477197
1595942776314548969    0.168763298022 0.676159466761 0.00922494150114 -0.0074535821371 -0.000122683073187 -0.0597214476659 0.998187245837 0.037643302232 0.0779924765229 0.104023218155
1595942776332473039    0.17094268415 0.673722432998 0.00872799071038 -0.0121614115407 -0.00408315132445 -0.0499454526587 0.998669554809 0.0326703600585 0.072994068265 0.0974023491144
1595942776357225894    0.171561856464 0.674768282006 0.00427447542395 -0.0125993990255 -0.00229730953988 0.0372224346865 0.999224933571 0.0307705067098 0.0733411610126 0.0949348881841
1595942776382558107    0.171930892144 0.677108747204 0.00986657120536 -0.0124836451841 -0.00314520882666 -0.01234514872 0.99984091913 0.0316042639315 0.0745883509517 0.0962166562676
1595942776407260894    0.171599889454 0.676157699074 0.00914045460635 -0.012451300328 -0.00350210649284 -0.0185299806834 0.999744637488 0.0344294495881 0.0778020173311 0.0946694910526
1595942776432518005    0.17353703068 0.672209487309 0.00372766822797 -0.0123575667196 -0.00351012951278 -0.0245166500279 0.999616878312 0.0271815657616 0.0657018870115 0.0947560071945
1595942776457324028    0.172433534926 0.677063196935 0.00453188212296 -0.01251062611 -0.00289693401048 -0.00475239848602 0.999906248964 0.0322877541184 0.0767209604383 0.0906986817718
1595942776482374906    0.170996184348 0.67314014532 0.00541048388694 -0.0126666833205 -0.00342950840598 -0.0221931968481 0.999667572556 0.0312688499689 0.07178363204 0.0965982005
1595942776507577896    0.16954885337 0.672220777061 0.00919659209861 -0.012206831018 -0.00320226977821 -0.0354444947671 0.999291962609 0.0360129959881 0.0644971802831 0.0941184461117
1595942776532327890    0.169215260167 0.673819456829 0.00359149840438 -0.0124406672362 -0.00331176027853 -0.0274609516657 0.999539973276 0.0352821163833 0.0694435983896 0.0940807238221
1595942776557677984    0.174707276618 0.676786150254 0.00913333315954 -0.0124159066092 -0.00324631572708 -0.00626640853161 0.99989801421 0.0273000188172 0.0762046724558 0.0956400483847
1595942776582588911    0.168729920796 0.675581887166 0.00903259456091 -0.0125290436412 -0.00254362691442 -0.0102706813587 0.999865524024 0.0346011482179 0.074101254344 0.0955128744245
1595942776607788085    0.168835635354 0.676015145768 0.00478410547438 -0.0125105554202 -0.00299255354832 -0.0296474079434 0.999477644487 0.0355319418013 0.075555048883 0.0937533155084
1595942776632402896    0.176498134019 0.675504375742 0.0106402244594 -0.0124626473798 -0.00386184988373 -0.023199666292 0.999645709249 0.0246467404068 0.0762723982334 0.0957091897726
1595942776657286882    0.173282255954 0.667213710836 0.0115975479629 -0.0126513957149 -0.00275855240369 0.00360743324769 0.999909655419 0.0277330074459 0.0795853808522 0.0953277871013
1595942776682480096    0.170968409339 0.657847491825 0.0054478743156 -0.0121082626921 -0.00534317049297 -0.0988368912745 0.995015632755 0.034307975322 0.0801911428571 0.0918515250087
1595942776707230091    0.173688448948 0.642733512749 0.00941452294826 -0.0127429538449 -0.00274315131 -0.0877423200922 0.996057918754 0.0260619241744 0.0862338319421 0.094423122704
1595942776732480049    0.176688829696 0.625976142869 0.0101625268627 -0.0126049504356 -0.00438401734991 -0.124760984562 0.992097068007 0.0250556971878 0.0731778144836 0.101428024471
1595942776757630109    0.177639123715 0.619680002771 0.00679685629809 -0.0121256185709 -0.00508620831626 -0.237301051831 0.97134716279 0.0229428801686 0.0605850592256 0.099447272718
1595942776782445907    0.177988423707 0.619961173517 0.00736202150062 -0.0119621445805 -0.00604953081798 -0.237478357062 0.971300334706 0.0266655851156 0.0603799857199 0.0998129695654
1595942776807249069    0.176720567745 0.620424639206 0.00685853540055 -0.0124447517661 -0.00439304880913 -0.176541358187 0.984204744007 0.0235488284379 0.0582688525319 0.0999624803662
1595942776812571048    0.178044556705 0.619969203893 0.0112572100374 -0.00743217084897 -0.00116258327244 -0.237493325548 0.971360042187 0.0273951329291 0.0601788796484 0.107619613409
1595942776832427978    0.178739940512 0.620959057627 0.00607827286863 -0.0123968043662 -0.0044994418199 -0.193806168264 0.980951193183 0.0246218144894 0.0595913119614 0.0995481163263
1595942776857640027    0.177079560299 0.619384531846 0.00712443102193 -0.0123985670291 -0.00433839717743 -0.228005953982 0.973571126726 0.02613398619 0.0617532730103 0.0995916724205
1595942776882426023    0.1791770855 0.620332759347 0.00745213861085 -0.0120523541884 -0.00460985556813 -0.242887061567 0.969968744503 0.0255810339004 0.058309674263 0.098935700953
1595942776907686948    0.177750900429 0.618792390097 0.00687467598088 -0.0120198286392 -0.00603303577151 -0.218488273078 0.975746893783 0.0274130832404 0.0615796148777 0.0976086556911
1595942776932419061    0.174813492151 0.6197563191 0.00694208341149 -0.0122243723122 -0.00526080254346 -0.203285754835 0.979029003942 0.0166674796492 0.058540109545 0.100459963083
1595942776957448959    0.180562687723 0.618683704364 0.00727413248927 -0.0120208094716 -0.00619258014553 -0.245869084025 0.969208721386 0.0233197901398 0.0573817789555 0.100559137762
1595942776982660055    0.18082256711 0.617002515352 0.00883132179617 -0.0115005867361 -0.00667815861011 -0.280740190613 0.95969166094 0.024507490918 0.0575442686677 0.103268697858
1595942777007297992    0.181405019042 0.618204545241 0.0142975279522 -0.0121065224316 -0.00522002966312 -0.20528722913 0.978612965866 0.0265759285539 0.0616592727602 0.107451699674
1595942777032371997    0.184123259091 0.61799509524 0.0247304186018 -0.0121890005197 -0.00520239652515 -0.232192751418 0.972579502933 0.0255730617791 0.0585182905197 0.125054985285
1595942777057435989    0.184206137159 0.61982166358 0.0392902829352 -0.0121770892495 -0.00504682606715 -0.257751859252 0.96612122795 0.0250920653343 0.0601363703609 0.14268733561
1595942777082310914    0.18641957552 0.622243128583 0.0531445625471 -0.0123864100176 -0.00335005221936 -0.248093784438 0.968651035265 0.0268929656595 0.0625478476286 0.144652038813
1595942777107265949    0.186833379547 0.631461569725 0.0875738032642 -0.0134971572683 -0.00216425930254 -0.345107153796 0.938463742041 0.0286251399666 0.0479050464928 0.151444748044
1595942777132350921    0.187397547622 0.630484795711 0.0929932236743 -0.0125189953035 0.00596248296955 0.229323316753 0.97325152964 0.0389460362494 0.0680516138673 0.147422835231
1595942777157041072    0.179593564849 0.630525795098 0.0727090381833 0.759856098046 -0.584227192843 0.267404349154 0.098955603471 0.0398733206093 0.0766139999032 3.33200098623e-08
1595942777182116031    0.200727995235 0.635241106654 0.116851880954 -0.0133882941594 0.00537133597802 0.0953101276034 0.995343097583 0.0391163788736 0.0675847604871 0.161696851254
1595942777207103967    0.201957754903 0.635047477075 0.118793084882 -0.012827343241 0.00649012548785 0.212560291723 0.977042199661 0.0329569801688 0.0596794821322 0.158810868859
1595942777232209920    0.195668949037 0.635837942872 0.116659456007 -0.013350255229 0.00449239801017 0.0837222321867 0.996389570842 0.0411816835403 0.0704310312867 0.161368578672
1595942777257024049    0.202589523693 0.635288033111 0.119765717766 -0.0135676748795 -0.0041889278195 -0.548213586865 0.836217815081 0.0311515629292 0.0701298639178 0.161967992783
1595942777282097101    0.173905147475 0.630627335864 0.109565399025 -0.0141811935135 0.00510772932409 -0.00669792138847 0.999863962097 0.027133051306 0.052367836237 0.161401718855
1595942777304132938    0.173486255435 0.629699390498 0.101569214402 -0.00711762083845 0.000725705447696 0.000641457154095 0.999974200346 0.0268804058433 0.0528657622635 0.14502504468
