1595942759350580930    -0.0297024262967 0.153794582094 0.0704976841349 -0.0132015373701 0.00605394707022 0.189657686265 0.981742853896 0.0255196988583 0.0414842143655 0.103801183403
1595942759375636100    -0.0267856009934 0.154304167751 0.0707481727272 -0.01390451645 0.00311156661887 0.00434476243188 0.999889046652 0.0263595264405 0.0408117845654 0.107715077698
1595942759398190021    -0.0268979377218 0.153867974968 0.0768955980293 -0.0126916355866 0.00668107701745 0.244050095464 0.969656555952 0.0248627103865 0.0481931194663 0.109507389367
1595942759423247098    -0.0278163941952 0.155257569159 0.0733196604891 -0.0127380843578 0.00664316275875 0.242337339971 0.970085678304 0.0232776682824 0.0430347286165 0.10662855953
1595942759448295116    -0.0235830828781 0.155283806939 0.0678819332128 -0.0132895531609 0.00571194225995 0.148886693988 0.988748458328 0.0211432427168 0.041281554848 0.109790891409
1595942759473185062    -0.0247392917824 0.155471815311 0.0778212083129 -0.0124304240569 0.0069503876518 0.3097177268 0.950721886976 0.0270243231207 0.0471826009452 0.108603954315
1595942759498497962    -0.0240178261815 0.155032558372 0.0796813704941 -0.0131711124142 0.00577943509226 0.161746393155 0.986727532923 0.0208559911698 0.0395832806826 0.108047172427
1595942759525881052    -0.0212708872827 0.154635811843 0.067349941444 -0.0130974338086 0.00543492990267 0.157365955094 0.987438542362 0.0188566558063 0.0401330702007 0.108453609049
1595942759548259973    -0.0185091172494 0.153269442173 0.0752580458298 -0.0134561106175 0.00401260062209 0.0233148916202 0.999629555361 0.0253753308207 0.0384928546846 0.111577548087
1595942759573249101    -0.0233572343666 0.153789499969 0.0771469781027 -0.0131220709939 0.00331695316353 0.141035167762 0.989912062018 0.0241517238319 0.0414826907218 0.109096929431
1595942759598455905    -0.0247817224975 0.15394821651 0.0726101257554 -0.0129698339904 0.00399869634241 0.0808003592077 0.996637896021 0.025875447318 0.0337406396866 0.1092370525
1595942759623517036    0.0274634835404 0.666769292228 0.0114119351545 -0.0140808694677 0.00620206731659 0.0192057178596 0.999697156082 0.0443064719439 0.0556019432843 0.0973862335086
1595942759648240089    0.0247835514772 0.666744776848 0.0156856766481 -0.0141741355422 0.00527934453868 -0.0202061388316 0.99968141643 0.0462377406657 0.067162334919 0.0982137769461
1595942759673418998    -0.022703053771 0.153531037869 0.0725049297686 -0.0122252536235 0.00598290591015 0.13866830157 0.990245348462 0.028301294893 0.0381175391376 0.109078086913
1595942759698381900    -0.0203318353632 0.153780115258 0.0754892441438 -0.0126179024925 0.00508488633304 0.0737522733892 0.997183801833 0.0221485234797 0.0380979031324 0.113043524325
1595942759725689888    -0.0180807673393 0.15400682701 0.0825386201245 -0.0125188483702 0.00266104470268 0.0192580059741 0.999732627497 0.0180825442076 0.0365250967443 0.112525761127
1595942759748193025    -0.021113904977 0.153202603055 0.0786457607932 -0.0123282605524 0.00410805556275 0.0857558810103 0.996231432321 0.0253933295608 0.0418664701283 0.113463617861
1595942759773382902    -0.0204421336616 0.156289393469 0.0760692061882 -0.0120975070221 0.00534016893798 0.170766793301 0.985222733815 0.0196608752012 0.0380614809692 0.112071827054
1595942759798558950    0.0224060794875 0.667503180828 0.0106553880595 -0.0131373884116 0.00437561830777 -0.000711397064346 0.999903873832 0.0524466559291 0.0674997866154 0.0965881422162
1595942759823234081    -0.0211811831174 0.151654886371 0.0715437986255 -0.0127746841043 0.00370363704915 0.0567266039881 0.998301148411 0.0223966669291 0.0396624431014 0.112437605858
1595942759848227977    -0.0253599133751 0.15332976515 0.0776868261206 -0.0112850199454 0.0064668879493 0.239829163145 0.970727974352 0.0278922207654 0.0468159429729 0.110806927085
1595942759873328924    -0.0269433012663 0.155350671556 0.072320680401 -0.0122006701857 0.00351829266713 0.0913213127423 0.995740519966 0.0257573556155 0.0436552502215 0.111038409173
1595942759898322105    -0.031112618808 0.15484160912 0.0724862873168 -0.0105077228813 0.00815350382651 0.332060964198 0.943164155485 0.0251633021981 0.042490337044 0.108767099679
1595942759923219919    -0.029855882051 0.156047058234 0.0743163069068 -0.0116958347517 0.00548553696696 0.192719538793 0.981168841587 0.0260147936642 0.0438863374293 0.109788991511
1595942759948458909    -0.0285951534896 0.155568851376 0.082026894456 -0.0108991299335 0.00694013175013 0.308242755978 0.951219978199 0.0228144824505 0.0422825030982 0.110611058772
1595942759975478887    -0.0323139937328 0.151472782926 0.076439550163 -0.010855152654 0.00669023433549 0.297679147321 0.954580814638 0.0253735352308 0.0397394895554 0.110489696264
1595942759998393058    0.0298371422122 0.667252866204 0.0139832502447 -0.0137664489204 0.00743929358526 0.0486140648223 0.998695055809 0.0352798141539 0.0580361373723 0.0987060815096
1595942760023422956    -0.0306179277721 0.155131828237 0.0796149994907 -0.0114088026146 0.00552887470191 0.223185877386 0.974693456889 0.0242629647255 0.0408810153604 0.113208346069
1595942760048408031    -0.0299330739948 0.151723496804 0.0781579657138 -0.0109973617166 0.00554528643741 0.291329675692 0.956543427083 0.0227476563305 0.0448736846447 0.112835414708
1595942760073275089    -0.0317148877248 0.154594096126 0.0789719811585 -0.0119467783208 0.00107540186855 0.0837006928448 0.996418743308 0.0250764321536 0.0409887246788 0.114535838366
1595942760098252058    -0.0295554231921 0.150673837794 0.0807287558539 -0.0116738298135 0.00211363986172 0.166227753674 0.986016018193 0.020976440981 0.0383390374482 0.110428646207
1595942760125649929    -0.0297283503722 0.15034484767 0.079290762273 -0.0118032591915 -0.00328921032047 -0.370221637173 0.928862639757 0.0201420746744 0.03102908656 0.112551569939
1595942760148308992    -0.0373232490493 0.145934231436 0.072912402351 -0.0116665639781 0.0039127777145 0.189302183465 0.981841771769 0.0245272237808 0.0288796164095 0.110538102686
1595942760173310995    -0.0386791960755 0.151302164648 0.0823188918926 -0.011277362826 0.00530871776335 0.320596613164 0.947133807987 0.023253403604 0.0420542694628 0.110721446574
1595942760198472023    -0.0470180602976 0.150661235296 0.0815460134365 -0.0107921627255 0.00713463661795 0.342236343462 0.939524832773 0.0179254412651 0.0389823317528 0.106745652854
1595942760223514080    0.0262094301038 0.665897846938 0.0128917692218 -0.012645593286 0.00143994414293 -0.00993863217441 0.99986961106 0.0442889072001 0.0557930953801 0.0979723930359
1595942760248354911    -0.056674599644 0.148898851349 0.072292107315 -0.0123140573452 0.00403580439002 0.192390792833 0.981232826147 0.0208883304149 0.0308047235012 0.105812296271
1595942760273336887    0.0293707294145 0.658482194821 0.00933794987786 -0.0127636774632 -0.000709468798495 -0.17123242249 0.985147726323 0.0362993106246 0.0594496689737 0.0990957245231
1595942760298326969    0.0267072888253 0.671442616909 0.0133010863956 -0.0123158698741 0.00379080166448 0.136035087546 0.990620211851 0.0392259545624 0.0655806809664 0.0967786610126
1595942760323050975    0.0253048330883 0.668701312767 0.0158415126236 -0.0125087357626 0.00197795211845 0.0527565550508 0.998527097847 0.0514935217798 0.0625806823373 0.100318394601
1595942760348226070    0.0275794370399 0.668295209247 0.0134738338808 -0.0127617077135 0.00113373432474 -0.0726973743758 0.997271750939 0.0362253077328 0.062116291374 0.0978560298681
1595942760375757932    0.0250244748781 0.672885528459 0.0128717286726 -0.0118340316529 0.00529841737143 0.180668357383 0.983458604675 0.0380632989109 0.0677558034658 0.0973869264126
1595942760398279905    0.0235292285346 0.672507545525 0.00730838851666 -0.0118554579559 0.00453939602268 0.186772626593 0.982321142985 0.040260925889 0.0614162124693 0.100476585329
1595942760423196077    0.0228601846829 0.665623304843 0.0144708098954 -0.0124829958492 0.000238017090459 -0.0810138394796 0.99663477562 0.0481706634164 0.0668489560485 0.0982995331287
1595942760448182106    0.0319739449182 0.666981191644 0.0156461309339 -0.0127751690932 0.0023474675307 -0.0224123474915 0.999664429262 0.0398136414587 0.0635819807649 0.100544139743
1595942760473148107    0.0265915542857 0.661956381419 0.014616900933 -0.0129302153934 0.00144517010752 -0.107431081122 0.994127398185 0.0350429974496 0.0618928186595 0.0989435166121
1595942760498286008    0.0282919914847 0.657310483796 0.0094149489104 -0.0125404249263 -0.00168460960245 -0.265952378571 0.963903123849 0.0373539403081 0.0606295131147 0.0982138887048
1595942760523437976    0.0260484738553 0.659884072627 0.014747531154 -0.0124705240235 -0.000785466802534 -0.209222352762 0.977788257332 0.0329839773476 0.0612780898809 0.0994276031852
1595942760548146009    0.026716085908 0.672765296626 0.0157762005109 -0.0116838606135 0.00531761344982 0.13651916357 0.990554253116 0.0388459973037 0.0639280378819 0.0994011759758
1595942760573318004    0.0290200512963 0.665987040863 0.0143823925294 -0.0124073931083 0.00169061760736 0.00903462271216 0.999880779894 0.0319872833788 0.05398350209 0.0990678519011
1595942760598169088    0.0246558829502 0.666142299773 0.013275449752 -0.0123422718714 -0.000359942234226 -0.0991273086497 0.994998148464 0.0534140020609 0.0653258115053 0.0976259112358
1595942760623094081    0.0250464820567 0.665154248256 0.0154376157144 -0.0124077994132 0.00074543479184 -0.11171683845 0.993662336434 0.040536314249 0.0669431835413 0.097443819046
1595942760648132085    0.0289165197846 0.663066519458 0.00853663813086 -0.0123222630719 0.000657046186945 -0.0628209697205 0.997948523666 0.0412873663008 0.0578697808087 0.0966974720359
1595942760675018072    0.0260130048435 0.671705126887 0.0152150277452 -0.011651373142 0.00354399116803 0.167623362104 0.98577588432 0.0363222286105 0.0581817962229 0.0990627780557
1595942760698144912    0.0290986434387 0.665540623454 0.0152969636196 -0.0121669475718 0.000559810849642 -0.0313551492183 0.999434093183 0.0437684841454 0.0605376847088 0.0994098782539
1595942760723092079    0.0300153139906 0.665010696247 0.00724687658359 -0.0117342119294 0.000755910433648 -0.0731466106635 0.997251879025 0.046633977443 0.0659223049879 0.0996478646994
1595942760748346090    0.0210884105441 0.668980659873 0.0164775667729 -0.0119706721193 0.0028650841021 0.0624881617308 0.997969801119 0.0514847896993 0.0671944767237 0.100612796843
1595942760773230075    0.0262365211807 0.662004625774 0.014208204011 -0.0120513841714 -0.000812416690735 -0.13345714985 0.990980975232 0.0410143621266 0.0623501613736 0.0969373732805
1595942760798389911    0.0249020424529 0.664894980469 0.0135382890051 -0.012247250794 0.000288468517151 -0.0700432033434 0.997468731991 0.0417530909181 0.0655436292291 0.0973830670118
1595942760826103925    0.0276672427889 0.667759046864 0.012877304002 -0.0119370894393 -0.000190882061347 -0.00517364530954 0.999915347844 0.0473972335458 0.0642269551754 0.0963250249624
1595942760848366022    0.0250143393358 0.669123400949 0.014239173803 -0.0118629361973 0.00237211650614 0.12684038572 0.991849363743 0.0402176976204 0.0553863681853 0.098085463047
1595942760873214960    0.0262682810047 0.669383304171 0.00913794801013 -0.0118929741583 0.00102233178971 0.0789466134107 0.996807375692 0.0493964888155 0.0637212991714 0.0999780744314
1595942760898262977    0.0236689154464 0.6718000668 0.0124250063022 -0.011741648305 0.00295484668741 0.156565332556 0.987593387593 0.0399938747287 0.0645909234881 0.0955646038055
1595942760923271894    0.0265388939485 0.663864112837 0.0153960316361 -0.0116816339038 -0.0016867031363 -0.133376759479 0.990995123345 0.0466861613095 0.0661805197597 0.101272776723
1595942760948404073    0.0282007826749 0.668201504659 0.0139514522847 -0.0114826437902 -0.000644273483572 0.0453303818865 0.998905846555 0.0360461585224 0.0584413893521 0.0980254039168
1595942760975492954    0.0206941682275 0.669679285504 0.00895734064412 -0.0117469458157 0.00144256668717 0.0834135307889 0.996444735621 0.0508171133697 0.060939706862 0.101470343769
1595942760998363018    0.024945662398 0.668373313299 0.00983519237077 -0.0115800093726 0.00062673674311 -0.00623302498869 0.999913326236 0.0479674451053 0.0640129372478 0.101287402213
1595942761023241043    0.026586813455 0.664716228592 0.0143173575772 -0.0114583302061 -0.000243284901889 -0.0412059147628 0.999084941369 0.0386684276164 0.0621927902102 0.097396761179
1595942761048226118    0.0267800035294 0.668911422947 0.0054684990257 -0.0115805289968 0.000435733276221 0.026667707089 0.999577178052 0.0403466001153 0.0607134401798 0.0972308218479
1595942761073360919    0.0309151192318 0.663745867103 0.0136990939223 -0.011622581671 0.00105953430981 -0.0244754635142 0.999632304734 0.0387771762908 0.0561607815325 0.0953414663672
1595942761098200082    0.029262203382 0.666906129103 0.0086302447394 -0.0119124499831 -0.00142971914958 -0.0398968980824 0.999131766566 0.0437664054334 0.0622387304902 0.0957831218839
1595942761125169038    0.0280173110281 0.667347093683 0.0136978814401 -0.0117711373427 -0.000178340000441 -0.00484998998697 0.999918939773 0.0421581976116 0.0626585409045 0.0953902900219
1595942761148212909    0.0239448190481 0.669596006496 0.0120959113083 -0.0115061253489 -0.000337554490766 0.054686453203 0.998437222349 0.0508066080511 0.063233345747 0.0947618037462
1595942761173158884    0.0313752687899 0.671435796661 0.0119362364833 -0.0116075279933 -0.000130764974162 0.0622463821951 0.997993304636 0.0373020209372 0.0619019456208 0.0954394564033
1595942761198402881    0.0252485631789 0.668666290357 0.00537323773999 -0.0116636136094 -0.000368397691398 0.0590359076263 0.998187650701 0.0404552184045 0.0662642866373 0.0959843024611
1595942761223155975    0.0198127074508 0.671634616318 0.0128531574804 -0.0118116706369 0.000590782178916 0.0987210243496 0.995044870729 0.0586484223604 0.0696493238211 0.0954764708877
1595942761248137950    0.0300134895808 0.668001413127 0.0128209296174 -0.0120343700862 -0.00109202434656 0.0272866308776 0.999554611412 0.0282947905362 0.060108281672 0.0953589454293
1595942761275532007    0.0244534855562 0.66505537591 0.0050656250126 -0.0114208730055 -0.0033355762528 -0.122453056808 0.992402985923 0.0414910651743 0.0672886073589 0.0942017287016
1595942761298091888    0.0242496819246 0.671817858338 0.0121009433541 -0.0123146622164 0.000282757337408 0.151177751594 0.988429844028 0.0400956943631 0.0621302351356 0.0942149534822
1595942761323223114    0.0252701025179 0.670341419807 0.00177696068422 -0.0123666606436 0.000191084681137 0.111814990913 0.993652070394 0.0377127788961 0.0624256655574 0.0942364111543
1595942761348239898    0.0263598770219 0.666058744169 0.00721095198819 -0.0121868632097 -0.00203709758983 -0.0357062155852 0.999285943445 0.046416297555 0.0640746131539 0.0967068597674
1595942761373369932    0.0238982781717 0.66169982534 0.0126155963391 -0.0112868875563 -0.00464105884649 -0.218005739871 0.975871182137 0.042847584933 0.0633147358894 0.0949723422527
1595942761398435115    0.0221724579514 0.664158721119 0.0105705308363 -0.0116841219755 -0.00348989754315 -0.152940963214 0.988160090107 0.0477568879724 0.0664999932051 0.093965895474
1595942761424889087    0.0210664238692 0.673643794727 0.00398241961744 -0.012500178949 0.0015008618755 0.209144118929 0.977803779118 0.0423827730119 0.0646524056792 0.093503177166
1595942761448271036    0.0249742569926 0.671476480011 0.0140185341493 -0.0125543284895 0.00170012194124 0.159749801547 0.98707623785 0.0368906445801 0.0634048879147 0.0962183773518
1595942761473208904    0.0298791645557 0.665918420014 0.0105450135203 -0.0123763187302 -0.00106921406241 -0.000312243962938 0.999922790029 0.0401448272169 0.061008002609 0.0949516817927
1595942761498096942    0.0268601925918 0.67005190169 0.0129678130765 -0.0124587062216 0.000750046624782 0.10702079211 0.994178438775 0.0431015081704 0.0630471855402 0.0944291129708
1595942761523175954    0.0251917579415 0.669863004793 0.0134145105804 -0.0126173430777 0.00179169950191 0.112281319315 0.993594735191 0.0409095473588 0.0594944804907 0.0937754660845
1595942761548132896    0.0283183716282 0.663433769815 0.0139199514234 -0.0120978961956 -0.00310934659 -0.0898232996234 0.99587938412 0.033022582531 0.0616750232875 0.0971646606922
1595942761576101064    0.0283634710932 0.667205075784 0.00975383673839 -0.0126993842867 -0.00163259148054 -0.0272697464433 0.999546107597 0.0427329652011 0.0662257745862 0.093460790813
1595942761598140954    0.0267195949425 0.666348421769 0.00372717128398 -0.0124788521352 -0.00224494978364 -0.0635986871803 0.997895007222 0.0432437323034 0.0659690126777 0.0917027667165
1595942761623261928    0.0244604164514 0.666850515009 0.00245995741096 -0.0125848914064 -0.00060949760908 -0.00240210271804 0.999917736078 0.0430108681321 0.0673691704869 0.0911016836762
1595942761648401975    0.0285610899314 0.665189181804 0.00747133243949 -0.0124807462094 -0.0013049540878 -0.0635084704248 0.997902401166 0.0427928715944 0.0622955597937 0.0860517024994
1595942761673338890    0.0245578074973 0.671741374907 0.0103805415587 -0.0124109697614 0.00215199750915 0.150262170484 0.98856593956 0.0433364845812 0.0665697008371 0.0868477150798
1595942761698157072    0.0202327565509 0.669596609284 0.00643168747511 -0.011955312595 0.000294565869159 0.068012052598 0.997612822909 0.0538021251559 0.0625106543303 0.0860257744789
1595942761725752115    0.0298233612504 0.663882335221 0.001856994013 -0.0127260716948 0.000878401561708 -0.0331585527132 0.999368693672 0.0414205975831 0.0548248104751 0.0853001251817
1595942761748270988    0.0219805744896 0.666325592781 0.00557719473821 -0.0124018886692 0.000287128933873 -0.0269566154458 0.999559628836 0.0480055436492 0.067178696394 0.0832956731319
1595942761773204088    0.0264505569283 0.662974685085 0.00692012674307 -0.0124371155109 0.00117844959675 -0.0420813835099 0.999036078716 0.0379591137171 0.0590588748455 0.0842117667198
1595942761798120975    0.0273326799901 0.664155561282 -0.00234031998671 -0.0125876099901 0.00110368230803 -0.054098988514 0.998455624153 0.043323636055 0.059846803546 0.0816857814789
1595942761823084115    0.0215979756426 0.671034481129 0.000283162299899 -0.0121934008948 0.0033763007885 0.157179345608 0.987489025196 0.0461271516979 0.0652282312512 0.0848233252764
1595942761848274946    0.0268947281363 0.669988747033 0.00965858313686 -0.0121839250663 0.00291285676473 0.120781715642 0.992600042516 0.0376168191433 0.0558216907084 0.0847026482224
1595942761875112056    0.0256681700737 0.667935860476 0.000245009644265 -0.0124702468892 0.00238973760282 0.108781378429 0.99398460441 0.0362279638648 0.0577577836812 0.0850896984339
1595942761898367881    0.0257776883681 0.667466704871 0.00650694963422 -0.0123786804238 0.00170598981862 -0.0124934682636 0.999843873372 0.0490418188274 0.0629706159234 0.0854902490973
1595942761923197031    0.0290236939827 0.662085655226 0.00922230910616 -0.0120491318048 -0.000331378238341 -0.114926565488 0.993300857322 0.0401249490678 0.0602090097964 0.0833992063999
1595942761948151111    0.0320904106308 0.66748169197 -0.000936363320596 -0.0122644586399 0.00175175593685 -0.0224257367223 0.999671746494 0.0413062795997 0.0650003924966 0.0837565660477
1595942761973092079    0.0252285609053 0.665602487067 0.00930771064686 -0.0121740445446 -0.000136178403685 -0.102384714334 0.994670369703 0.0415668487549 0.0654552280903 0.0827213004231
1595942761998167037    0.0278665714293 0.659750542283 0.00716945415577 -0.0122693391588 -0.000703426720784 -0.205157269859 0.978651860026 0.0321988835931 0.0602339953184 0.0834582224488
1595942762025182008    0.0296297955948 0.664040701039 0.00773537615826 -0.0127767435482 0.00142601656667 -0.0686799859804 0.99755590361 0.0440724045038 0.0607251115143 0.0808435678482
1595942762048119068    0.0262702961765 0.666218862837 0.00475733620188 -0.0123140218165 0.00190852538475 -0.000780235085904 0.999922053778 0.047348625958 0.0592861287296 0.0828351080418
1595942762073358058    0.0283088637394 0.663875702754 0.0102701285285 -0.0126875550708 0.000434588563772 -0.0663029193315 0.997718777997 0.046304423362 0.0570825263858 0.0820754766464
1595942762098160982    0.0290962975204 0.667133894992 0.00693672763025 -0.0126672845588 0.00249609487522 -0.000587049964499 0.999916478904 0.0354497805238 0.0678768455982 0.0824589952826
1595942762123272895    0.0270034406666 0.662545852529 0.00997216846629 -0.0129644505756 0.00089268139587 -0.0911749538844 0.995750096121 0.0406809002161 0.0623632147908 0.0837393626571
1595942762148109912    0.0247255438677 0.659933551748 0.00666631666316 -0.0127074716136 -0.00148247924964 -0.224437160472 0.97440457892 0.0455723702908 0.0645651072264 0.0833983644843
1595942762175604104    0.026788905505 0.668612682734 0.0103961405004 -0.0128198506043 0.00312667147051 0.0559778345333 0.99834480887 0.0387158542871 0.0623737089336 0.0846079811454
1595942762198146104    0.0227602113679 0.667264631957 0.00676097806592 -0.0126504547406 0.0024473085057 -0.0162418843879 0.999785065835 0.0526122525334 0.0658952891827 0.082992054522
1595942762223330974    0.0258801306411 0.669164704975 0.00541911910724 -0.0126409203625 0.00224337349982 0.00987281376949 0.999868842377 0.0472645536065 0.0602915026248 0.0841640308499
1595942762248348951    0.0156902965456 0.669553849636 4.42091999933e-05 -0.0123187386488 0.00378668727765 0.155149313229 0.987806965091 0.0530074462295 0.0608054026961 0.0857313498855
1595942762273262023    0.0312051099116 0.66667823841 0.00492344406438 -0.0128459154121 0.00373921460981 0.012625652358 0.9998307825 0.0327723510563 0.0565561465919 0.0822140723467
1595942762298257112    0.0281969511146 0.668409301083 0.00512643791416 -0.0129220925548 0.00345653825177 0.0207092235931 0.999696053771 0.0406183637679 0.0585751570761 0.0818092748523
1595942762325470924    0.0287101478567 0.666627653244 0.00544940404987 -0.0132389501729 0.00296693272977 -0.0171139280712 0.999761492044 0.0474776104093 0.0612308345735 0.0833662003279
1595942762348305940    0.0254971305224 0.6666522125 0.00860863132423 -0.0128488596003 0.00363067285316 0.042248706578 0.99901790365 0.0399616621435 0.0556646883488 0.0816652327776
1595942762373151063    0.0198067558452 0.665121319231 0.000457571995679 -0.0133399451044 0.00506365130191 -0.0425803402108 0.998991151076 0.0528473779559 0.0645934566855 0.0820094123483
1595942762398350954    0.0276859252371 0.665359610803 0.00863568498616 -0.0130219598036 0.00305122898568 -0.014416250815 0.999806626442 0.044141985476 0.0634495839477 0.0828337743878
1595942762423809051    0.0287729036665 0.662468804224 0.00766391786392 -0.0127807204627 0.00338319969523 -0.0778875798279 0.996874481594 0.0440284833312 0.0623137168586 0.0809566304088
1595942762448024988    0.0322958646777 0.662912022432 0.00740775281557 -0.0130113794825 0.00462261008481 -0.0728499014882 0.997247325057 0.0378231704235 0.0575131177902 0.0815695971251
1595942762475317001    0.0319384385101 0.667083287873 0.00926674025934 -0.0122732248888 0.00438518839674 0.0400797734688 0.999111480182 0.0364978946745 0.0597081333399 0.0824748799205
1595942762498356103    0.0287904839159 0.665667362488 0.00791030892745 -0.0124963858171 0.00362801088178 -0.0162242531169 0.999783702352 0.040763836354 0.0598051734269 0.0811058208346
1595942762523080110    0.0332679384793 0.66707287103 0.0100535770511 -0.0123483002196 0.00471921106066 0.0276586009999 0.999530014717 0.0347573719919 0.0570356845856 0.081909224391
1595942762548871994    0.0306978863164 0.666562317811 0.00929096809661 -0.0124074386936 0.0041034221643 0.00343151690471 0.999908716875 0.037411108613 0.0592224039137 0.0799435898662
1595942762573136091    0.0319017023494 0.664857875975 0.00774259114895 -0.0127010632177 0.00365847012151 -0.0360233023763 0.99926353895 0.0358611866832 0.0592763870955 0.0823923423886
1595942762598330020    0.0317009302298 0.663082817925 0.00864686128063 -0.0127547369553 0.00223780513964 -0.0929841918909 0.995583371181 0.0339126177132 0.0581871420145 0.0807115808129
1595942762624965906    0.0321905715866 0.664048882186 0.00450140864402 -0.0123404466404 0.00278279059371 -0.0527349629237 0.998528413786 0.0378975830972 0.0595298670232 0.081276781857
1595942762648124933    0.0303122970382 0.6658963834 0.000293160994084 -0.0121796305121 0.00552422934246 0.0268925921791 0.999548862226 0.0403531119227 0.0646459981799 0.0816800817847
1595942762673244953    0.0307534892038 0.665907997762 0.00602371796681 -0.0122856826431 0.00483379986737 -0.00119676138328 0.999912128211 0.041027802974 0.0647975876927 0.0815375521779
1595942762698152065    0.0300980178652 0.663967558504 0.00982183348542 -0.0122323310758 0.00374835622357 -0.0202164584274 0.999713766391 0.0431627258658 0.0615512914956 0.0808550342917
1595942762723193883    0.0343723075564 0.666065502999 0.00662927730827 -0.011506308393 0.00451143746502 0.0137105757347 0.999829621442 0.0328141860664 0.0599542036653 0.0808318555355
1595942762748235940    0.0310578450659 0.662578323768 0.0070309487305 -0.0123313877102 0.00429010213427 -0.0556412394417 0.998365456321 0.044177852571 0.0628885254264 0.0814789757133
1595942762775796890    0.0278677055829 0.664873259559 0.0092379663397 -0.0119121468804 0.00570062442704 0.0171703417764 0.999765363974 0.0438901260495 0.0620912909508 0.0800759419799
1595942762798096895    0.0285157421834 0.665292767511 0.00404074704372 -0.0119325713511 0.0046576349266 0.00509380999674 0.999904982125 0.0426462031901 0.0660770833492 0.0797482505441
1595942762823316097    0.0298306657837 0.664209952403 0.0039927616251 -0.0119816636249 0.00549875063402 -0.000662564256214 0.999912878448 0.0376597233117 0.0608228445053 0.0803384110332
1595942762848145961    0.0327194834866 0.667912654576 0.00226678003534 -0.0116115403077 0.00518153776173 0.0302227029494 0.999462311458 0.0350065268576 0.0639438852668 0.0802407413721
1595942762873167991    0.030317903366 0.665333826831 0.00349692108357 -0.0119731543035 0.00503743799599 -0.0196767959588 0.999722007108 0.0359758995473 0.0619033612311 0.080662406981
1595942762898292064    0.0433462210485 0.66540761409 -0.00564478207938 -0.0105301094853 0.00995763360648 0.098323924918 0.995048927498 0.031101860106 0.0616885349154 0.0671686306596
1595942762926199913    0.0280451104281 0.667526585814 0.00688224469798 -0.0109403277001 0.00363968400285 0.0417326674269 0.999062283544 0.0414080545306 0.0654451847076 0.0808544009924
1595942762948035955    0.0270312364426 0.666117731602 0.00728606530031 -0.0110992419476 0.00520778712876 0.0358531641899 0.999281860337 0.0443944744766 0.0657164603472 0.0805580317974
1595942762973153114    0.0256192749254 0.666910624708 0.00589157366195 -0.0113932924172 0.00560306332045 0.0344716812862 0.999325023082 0.039997484535 0.0676253736019 0.0806756690145
1595942762985498905    0.000201377975778 0.706317514831 0.0106228295684 -0.00742541963344 0.000618647825084 -0.00599032777421 0.999954297151 0.0560627132654 0.0691617801785 0.0934218019247
1595942762989936113    0.000201377975778 0.706317514831 0.0106228295684 -0.00742541963344 0.000618647825084 -0.00599032777421 0.999954297151 0.0560627132654 0.0691617801785 0.0934218019247
1595942762998181104    0.0247503516121 0.666360610038 0.000969675696136 -0.0113584317422 0.00547215223789 0.034262412531 0.999333342117 0.0435458160937 0.06555595994 0.0792515724897
1595942763023114919    0.0217933023323 0.665872343504 0.00440639747541 -0.0113648071758 0.00612728955664 0.0420095082697 0.99903378256 0.0492127463222 0.0635572001338 0.0784447416663
1595942763048063993    0.0280050535877 0.665046316767 0.0044788533621 -0.0113545578285 0.00506356377106 -0.0118868300651 0.999852057861 0.0391968041658 0.0621923133731 0.0807211399078
1595942763073268890    0.0269446580663 0.664819160908 0.0101980447024 -0.0115828898682 0.00619225746391 0.0176228611725 0.99975843451 0.0446829013526 0.0630337744951 0.0788023620844
1595942763098107099    0.0272760257739 0.665446409052 0.00965066797951 -0.0113660060219 0.0057785477415 0.0191403570164 0.999735499533 0.036374270916 0.0638851895928 0.0796981081367
1595942763123111009    0.0290888139085 0.666664749338 0.00756689121315 -0.0113606510624 0.00578961688045 0.0325614372252 0.999388397346 0.0373704060912 0.0625442191958 0.0783195272088
1595942763148006916    0.0300023194586 0.664179813964 0.00969034268189 -0.0120435079361 0.00386605897452 -0.106165456987 0.994268023848 0.0410009399056 0.0613791458309 0.0808299928904
1595942763173191070    0.0259757774986 0.66779162674 0.00590599532888 -0.0109792524644 0.00589647216028 0.0286628515318 0.999511444944 0.0424660891294 0.0657956600189 0.0789296627045
1595942763198123931    0.0210846433242 0.670703576071 0.0083775695788 -0.0102914364391 0.00731549835132 0.0881331718898 0.99602867119 0.0473651401699 0.0632852241397 0.0805021300912
1595942763226376056    0.0243579978075 0.667702163408 0.00124765359101 -0.0114812826077 0.00461030871719 -0.0544652992994 0.998439009843 0.0461095571518 0.0607053227723 0.0812851712108
1595942763248092889    0.024868453969 0.668097552419 0.00974352602635 -0.0116280362039 0.00508397982418 -0.0152501782623 0.999803167622 0.0444398075342 0.0627731531858 0.0806585401297
1595942763273266077    0.0220259332233 0.671207840676 0.00798971724843 -0.0109729512849 0.00711057346338 0.0679605615933 0.997602323651 0.048061452806 0.0661060512066 0.0803924649954
1595942763298386096    0.025051338495 0.671140775397 0.00367919381949 -0.0107691042804 0.00709384343078 0.0945511746047 0.995436476707 0.0417667217553 0.0638854578137 0.080060698092
1595942763323188066    0.0220685313239 0.667296855117 0.00371520603742 -0.0114832986127 0.00460502064151 -0.0204980031606 0.999713338665 0.0494617372751 0.0646895095706 0.0799028500915
1595942763348041057    0.0266980452316 0.670558744804 0.00501691465314 -0.0110627468452 0.00575909971315 0.0331588001937 0.999372274166 0.0398398302495 0.0632140412927 0.0790047496557
1595942763375986099    0.0291804312501 0.669392095927 0.00688209221183 -0.011261222879 0.00552462258791 0.0198646756237 0.999723990943 0.0357210338116 0.0621156543493 0.0796822309494
1595942763398180961    0.0217504720866 0.675497517122 0.0145049679683 -0.0109006489807 0.00657087405793 0.109853469577 0.993866296183 0.0445779748261 0.0741432085633 0.090887196362
1595942763423206090    0.0233495047527 0.67739725277 0.00718565976196 -0.0106649371513 0.00613915358444 0.141376422222 0.989879425561 0.0380149893463 0.0825788751245 0.087758295238
1595942763448113918    0.0241456526931 0.677809203103 0.0121433801786 -0.010908650263 0.00749525864425 0.100121154876 0.994887218128 0.0394928380847 0.0771799758077 0.0918905064464
1595942763473151922    0.0236118760092 0.672652422207 0.0124663729732 -0.0114361205874 0.00533975028199 0.0524079406299 0.998545997925 0.0337015613914 0.0798269882798 0.0961141809821
1595942763496433019    0.0233475679285 0.672666570345 0.0169178339937 -0.00741440671389 0.000937453436017 0.0509134131721 0.998675108388 0.0341793596745 0.0800233855844 0.105053462088
1595942763498373985    0.0290794015892 0.647259825085 0.00777374509606 -0.0127032749272 0.00195424942801 -0.198671568068 0.979981844606 0.0304964464158 0.060687661171 0.0915364995599
1595942763525532007    0.035893947444 0.645533220684 0.00633245055427 -0.0123152346106 0.00355025255733 -0.0419445908387 0.999037728018 0.0298293456435 0.0640184879303 0.0933866649866
1595942763548105955    0.0351400144891 0.636339735274 0.0120534156865 -0.0117122358027 0.00488996535922 0.0941907059764 0.995473265678 0.0244158357382 0.0569192953408 0.0956148952246
1595942763573307991    0.0374836028152 0.642639701617 0.0128119673638 -0.0122589688708 0.00389323419357 -0.000911854225017 0.99991686101 0.0252440050244 0.0639296099544 0.0948951989412
1595942763598495960    0.0356499390377 0.644994818259 0.00743282039723 -0.0122480442841 0.00508371506997 -0.00138628781093 0.999911105778 0.0317319072783 0.0637458562851 0.0958350151777
1595942763623174905    0.032860219628 0.640068210094 0.00984360779023 -0.0122176549324 0.00415058127015 0.0194258668282 0.999728031657 0.0338070392609 0.0569809451699 0.0962889790535
1595942763648180961    0.0356851429772 0.641803674136 0.0153986371654 -0.011775884515 0.00542710937911 0.068389816187 0.997574412297 0.0302101820707 0.0676289796829 0.0960877835751
1595942763675863027    0.034383360406 0.642532982433 0.0125339117094 -0.0118995557941 0.00429209024575 0.0367968008751 0.999242700238 0.0295733492821 0.058748845011 0.0973999500275
1595942763698296070    0.0339982442087 0.64107985375 0.0114444401573 -0.0119382552283 0.00473913791104 0.0641749273656 0.997856000298 0.0282848477364 0.0648552253842 0.096580080688
1595942763723185062    0.0350091633468 0.64205021433 0.00744252719085 -0.0120741034279 0.00326932996734 0.0470196235776 0.998815639899 0.0299596637487 0.0645668357611 0.0961647704244
1595942763748378992    0.035310894994 0.644940526393 0.0145382602299 -0.0122398553613 0.00425560011656 0.0172467245968 0.999767286072 0.0370215699077 0.0689327269793 0.103327848017
1595942763773302078    0.0341384146261 0.639466396233 0.0141113555761 -0.0121389130448 0.00585910421896 -0.00552159790562 0.999893909195 0.0306307971478 0.0624467693269 0.107237100601
1595942763798264980    0.0317597596838 0.642587271573 0.0226941742881 -0.0117585478589 0.00411710559019 -0.0290817863493 0.999499392544 0.0307826045901 0.0634506568313 0.107272692025
1595942763825705051    0.0312718937296 0.648033272932 0.0242299267342 -0.01124234698 0.00431370500453 0.0443807677782 0.998942114957 0.0347631201148 0.0668953806162 0.110284976661
1595942763848155975    0.0256216592383 0.643941713882 0.0428702039264 -0.0108670104071 0.00263164707694 0.00450058338496 0.999927360996 0.0350077599287 0.0619540214539 0.111203975976
1595942763873083114    0.0356127161483 0.648029610496 0.0494096965078 -0.0106608418005 0.00231876344065 0.0728131967301 0.997285920973 0.0247643254697 0.0602568760514 0.111697293818
1595942763898087978    0.264812603427 0.934360886738 -0.15639632678 0.941993732835 0.12707955184 0.305691309582 0.0552396420131 0.0159422140568 0.0409550070763 0.18334273994
1595942763923017024    0.0187098848035 0.644044248725 0.0731045309247 -0.00860464960481 -0.00615773180527 -0.428862339568 0.903307885521 0.038463216275 0.0687835514545 0.114403650165
