1595942765695452928    0.261510786456 0.633248181339 -0.00157183999475 -0.0112082182372 -0.00691282089982 -0.100851630739 0.994814323041 0.0425259657204 0.0710164308548 0.0864737480879
1595942765720376968    0.264713923584 0.636258289969 0.000825679148419 -0.0118835049962 -0.00634334299465 0.0122169760237 0.999834631229 0.0363266021013 0.0658078193665 0.0857839882374
1595942765745301961    0.263411490245 0.636672461915 0.000430582682938 -0.0114086482205 -0.00765348066172 0.00296315350118 0.999901238474 0.0357949659228 0.0701286643744 0.0859321653843
1595942765770562887    0.264291375246 0.633297982229 0.00278296450702 -0.0110506351386 -0.00952298446327 -0.105904196419 0.994269328407 0.0398595742881 0.0731620192528 0.0857872590423
1595942765795336961    0.261403545954 0.635522520619 -0.000906654273661 -0.0117692497215 -0.00766805166117 -0.0142416027919 0.99979991123 0.0453065596521 0.0700929239392 0.0867436081171
1595942765820278882    0.265752972317 0.637087454334 0.00430300009702 -0.0117455339397 -0.00661351571223 0.000958343472369 0.999908688541 0.036344923079 0.0678575858474 0.0876926258206
1595942765845699071    0.260115157341 0.635422737642 -0.000462901397189 -0.0117549636921 -0.00718234227697 0.0121354452977 0.999831468676 0.0410061702132 0.0661763772368 0.0879959613085
1595942765870331048    0.266863616099 0.637369105032 -0.000843860777899 -0.0121784478143 -0.00652471915925 0.0298904735621 0.999457689469 0.0345300510526 0.0661703646183 0.0868243128061
1595942765895406961    0.265436573097 0.634931638714 0.0027677340161 -0.0117557303849 -0.00601630256937 -0.0362373531577 0.999255953769 0.0343897566199 0.0667676776648 0.0879014506936
1595942765920739889    0.262371065685 0.632586636056 -0.00103266585472 -0.0111562087959 -0.00754259377337 -0.0968901859979 0.995203969115 0.039833329618 0.0702382400632 0.087065577507
1595942765948326110    0.262756561255 0.635444201602 -0.00144793785424 -0.0119016388907 -0.00635601154405 -0.0141142076959 0.999809352452 0.0422831960022 0.0664130672812 0.0837164670229
1595942765970761060    0.258475030777 0.638058275907 -0.00142210701631 -0.0123792281796 -0.00552540366742 0.0686249174927 0.997550422446 0.0465748272836 0.0696830525994 0.0869303792715
1595942765995393991    0.261410960188 0.638087573064 0.000372606324621 -0.0118969729557 -0.00627775828309 0.0401747208049 0.999102118701 0.0413025356829 0.0693947970867 0.0887688398361
1595942766020442962    0.263324153141 0.637976947304 -0.0013752301394 -0.0117165989879 -0.00760373940213 0.0068536893468 0.999878958373 0.0408676862717 0.0719484165311 0.083535425365
1595942766045447111    0.265448568341 0.6373941689 0.000954060184326 -0.011641009828 -0.00705009805316 -0.0249709045356 0.999595536672 0.0366079621017 0.0711729153991 0.0856109932065
1595942766070240974    0.264550894896 0.636415716589 0.00145358590926 -0.0120018635587 -0.00640555408411 -0.00168873823933 0.999906031741 0.0337379798293 0.0684261098504 0.0865658894181
1595942766095300912    0.263365063577 0.637551434108 0.00108268479415 -0.0120039913314 -0.00704730124141 0.0301186286847 0.999449402393 0.0376920551062 0.0664416179061 0.0885162428021
1595942766120574951    0.261087790635 0.635442583829 0.00131036189051 -0.0116740746886 -0.00727135303563 -0.0272625150457 0.999533690617 0.0406105294824 0.067052051425 0.0863926932216
1595942766145454883    0.260236620324 0.637109501945 -8.60044521815e-05 -0.0116832176228 -0.00604409821159 0.000102441998754 0.999913476661 0.0436725653708 0.0672794729471 0.0854934826493
1595942766170876979    0.264412700565 0.637512030454 8.16331297506e-05 -0.0118208226621 -0.00671745073938 -0.00686674555118 0.999883989177 0.0374325849116 0.0719946548343 0.0857696458697
1595942766195717096    0.264031614756 0.635986550216 0.000637745626299 -0.0119145752594 -0.00573295336341 -0.0481485191257 0.998752670208 0.0381333641708 0.0705669671297 0.0861051678658
1595942766220350980    0.263697891023 0.636241777282 -1.00756515264e-06 -0.0119876119843 -0.00653453322346 0.00895735560056 0.999866672519 0.0387418158352 0.0674257427454 0.0848754867911
1595942766245423078    0.263564239853 0.636342232395 -0.000691158477652 -0.0120878178432 -0.00503766573456 -0.0178122855902 0.999755584663 0.0376676470041 0.0702643617988 0.0860866084695
1595942766272397994    0.262795125101 0.636092847148 -0.00170233607961 -0.0122862983789 -0.00434036878633 -0.0140425403577 0.999816490728 0.0405070483685 0.0679410025477 0.0862425342202
1595942766295516014    0.262056390316 0.638141983433 -0.000661875063782 -0.0119117373134 -0.00565097821517 0.0139253527998 0.999816113847 0.0388173907995 0.0673443675041 0.0868647769094
1595942766320527076    0.260453297687 0.637085267246 0.00137240826328 -0.0122199276069 -0.00442664758824 0.000398836950199 0.999915455971 0.0419214852154 0.0696616247296 0.0866123214364
1595942766345473051    0.263737888548 0.6376146112 0.0013909085713 -0.0120288523684 -0.00486066673903 -0.00620927612516 0.99989655741 0.0363079607487 0.0707841292024 0.0868210345507
1595942766370759010    0.262202098804 0.638047589118 -0.000401689032228 -0.0124939956522 -0.00218192903891 0.0440505656462 0.998948790942 0.0418204665184 0.0699149519205 0.0874634683132
1595942766395461082    0.263494795899 0.637649451265 -0.000649834114096 -0.0124502863755 -0.00283221738956 0.0337736156684 0.99934794331 0.0366238839924 0.0705589875579 0.0859152525663
1595942766420270919    0.260084717348 0.638105715772 3.82390727689e-05 -0.0121958150271 -0.00419687271611 0.00147425951144 0.999915733907 0.0420055352151 0.0689104497433 0.0878630355
1595942766445410966    0.262666468202 0.637084628687 -0.00061860487209 -0.0121082114334 -0.00373969251039 0.00780045816367 0.999889273254 0.0397201925516 0.0704279616475 0.0875963792205
1595942766470272064    0.260956199684 0.634956985442 0.000879707208212 -0.0116983936322 -0.00556465601952 -0.0519520607892 0.998565553967 0.0405372753739 0.0700319185853 0.0867735743523
1595942766495421886    0.262717858515 0.637097788253 -0.00206433815063 -0.0117670578671 -0.00459244841964 -0.000695374205353 0.999919977909 0.0406693555415 0.0691790804267 0.0853209123015
1595942766520607948    0.261034816618 0.638356824228 -0.00113392405223 -0.0118160084014 -0.00376103831694 0.0236346518452 0.999643756429 0.0431563444436 0.0706199482083 0.0874368622899
1595942766545469999    0.264091633652 0.637240589476 -0.00179372402489 -0.011744265588 -0.0042734905708 -0.00989002524984 0.999872990387 0.0369526296854 0.0707561150193 0.0857351496816
1595942766570499897    0.262560015238 0.638637134984 0.00162741486052 -0.0120755831411 -0.00214140331086 0.0227487396235 0.999665988983 0.0377163141966 0.0688939467072 0.0880900099874
1595942766595468997    0.263044158211 0.637900959464 1.73369601653e-06 -0.012090780699 -0.00325383973825 0.00560570179507 0.9999058964 0.0385227613151 0.0713694691658 0.0875747129321
1595942766620245933    0.262582743862 0.637189603588 -0.00144263916971 -0.0117869332627 -0.00419533419227 -0.0170446110282 0.999776449318 0.0373284108937 0.0682678967714 0.0866700261831
1595942766645376920    0.263221943325 0.634246338223 -0.00135765342393 -0.0117794006136 -0.00418587900404 -0.0389692838441 0.99916220858 0.0398288667202 0.0687795132399 0.0855899900198
1595942766670445919    0.261744265928 0.638979678445 0.000966328134572 -0.0117923404652 -0.0028921501008 0.0449927680323 0.998913523284 0.0387215651572 0.0698356702924 0.086899921298
1595942766695298910    0.258093308349 0.63795428372 -0.00186028278228 -0.0119817051161 -0.00337342640149 -0.00928722508715 0.999879395821 0.046359166503 0.0715025812387 0.085754737258
1595942766720427036    0.261317005569 0.636710298332 -3.26879197967e-05 -0.0120092542768 -0.00346732045038 0.0261404657235 0.99958012763 0.0407779179513 0.0653780698776 0.0869920328259
1595942766745398998    0.261383525143 0.634340596427 2.04955393349e-05 -0.0117114385914 -0.00421958346559 -0.083144030138 0.996459787234 0.0430130697787 0.0705042108893 0.0859943106771
1595942766770489931    0.264738909219 0.636053809147 -0.000659593867574 -0.0118724297462 -0.00332979420105 0.0115645741728 0.999857099043 0.0370151102543 0.0678885057569 0.0861577615142
1595942766795382976    0.260922091238 0.638238686232 -0.00130944568913 -0.0124557510883 -0.00190535527806 0.0310496496985 0.99943841388 0.0406969599426 0.0709617882967 0.086864605546
1595942766820493936    0.26216564216 0.636669536684 0.00283160322291 -0.0125528942975 -0.00190568615619 -0.0132568767554 0.999831510017 0.0446930527687 0.0686874613166 0.0927835032344
1595942766845634937    0.266124737636 0.606118254882 0.154725394973 -0.012879015924 -0.000689054037244 0.00972401207278 0.999869541362 0.0169855635613 0.0448953807354 0.166543424129
1595942766870379924    0.2699902219 0.614536861371 0.164208877919 -0.0131745128932 0.000588724858714 0.0503099868127 0.998646579547 0.0125594148412 0.0390186980367 0.194729164243
1595942766895472049    0.276289007986 0.625264295905 0.138745903056 -0.0130141689475 0.00107205034432 0.10884340866 0.993973135706 0.0141848968342 0.0363110862672 0.146651118994
1595942766920718908    0.278803102103 0.630228620704 0.154985715904 -0.0128333796356 -0.00345669892234 -0.240690772463 0.970510848806 0.0162202622741 0.0253499113023 0.186640262604
1595942766945348024    0.282229796356 0.633118946784 0.160499264765 -0.0132682453649 -0.000708270150465 -0.0907149835782 0.995788252478 0.005844514817 0.0219495426863 0.19086740911
1595942766970477104    0.277545098937 0.628225738446 0.159571995346 -0.0135087425274 -0.000159119702695 -0.0754200533586 0.997060331228 0.0162610448897 0.0408617705107 0.193313539028
1595942766997523069    0.281786014386 0.635462074287 0.125118289869 -0.0133048531559 0.00197886531153 0.0926708405331 0.995605936247 0.00779775297269 0.0342589952052 0.128725573421
1595942767020481109    0.280050284581 0.637169292108 0.159805103742 -0.0130693378516 0.00158520644707 0.146126970667 0.989178238728 0.009781206958 0.0320825614035 0.188431456685
1595942767045610904    0.277485044904 0.638551522482 0.154519902985 -0.0130507481844 0.000477058556417 0.0396795655962 0.999127110262 0.0138253252953 0.0346778929234 0.180794760585
1595942767070842981    0.280337260499 0.638101534631 0.151766877188 -0.0132263152894 0.00101838095322 0.0679258642776 0.997602177447 0.00860215816647 0.0356977321208 0.178540825844
1595942767095566987    0.280439995182 0.636335445943 0.157407127316 -0.0133126282538 -0.00112583236488 -0.0805184039034 0.996663580685 0.00696518318728 0.0297853071243 0.186920315027
1595942767120318889    0.281700455456 0.645844092692 0.147989280764 -0.013036636583 0.00378845192655 0.215328218025 0.97644736277 0.012698110193 0.0353832058609 0.16753166914
1595942767145443916    0.280889092246 0.64059134138 0.168571692775 -0.0133413141321 0.00402142908325 0.112719039745 0.993529192085 0.00986269488931 0.0349779576063 0.210589230061
1595942767170356035    0.280584760869 0.641673293901 0.152137746953 -0.0134765225544 0.00116440115594 0.0882228641615 0.996008912485 0.0141198383644 0.0305970944464 0.185403615236
1595942767195514917    0.274660641544 0.636353064859 0.145718094583 -0.0133535965131 -0.000630999195725 -0.0492058311566 0.998699188685 0.0229170806706 0.0445189066231 0.165799766779
1595942767220495939    0.279387505135 0.642578268837 0.144142677867 -0.0131133808102 0.00244036633776 0.104403832242 0.994445535798 0.008824525401 0.0345396138728 0.165987476707
1595942767245909929    0.255433547767 0.636719491451 0.0497759432155 -0.0134574506425 0.000128359898932 -0.0821885779089 0.996525924503 0.0614859126508 0.0764185339212 0.186878710985
1595942767270476102    0.277782275426 0.64331554159 0.136387319875 -0.0136249075572 0.00047404641397 -0.0657552945473 0.997742641373 0.0178160760552 0.0277595035732 0.156065657735
1595942767295557975    0.281664883894 0.649205186231 0.139135549824 -0.0135174726858 0.00214093044833 0.0532466536378 0.998487600436 0.0095706358552 0.0320804156363 0.164448082447
1595942767320945024    0.264336334522 0.640152688026 0.0411721022634 -0.0136494679105 0.000864851585793 0.0355276421775 0.999275102611 0.0417173989117 0.0705197304487 0.173216462135
1595942767345412969    0.26723760607 0.639476367981 0.00989585699043 -0.0135565576418 0.000245948298398 -0.0326223942941 0.999375774494 0.0351408086717 0.0789598822594 0.106839455664
1595942767370870113    0.26570282368 0.64008684235 0.01992681221 -0.0135913650236 0.00128993972919 0.03705948766 0.999219798256 0.0446969941258 0.0745533406734 0.127375632524
1595942767395675897    0.278958742478 0.663490876435 0.109445075398 -0.0133231107018 0.00231538981011 0.106940357879 0.994173472563 0.0129982791841 0.0413657277822 0.137302592397
1595942767420556068    0.278150893089 0.666133917659 0.0924316328484 -0.0133302990718 0.00190729623875 0.0994985174829 0.99494658669 0.0132914325222 0.0439901761711 0.106751546264
1595942767445615053    0.277924782276 0.66930122963 0.103138548742 -0.0134166776146 0.00186652908143 0.10419791247 0.994464330113 0.0153764616698 0.0421974547207 0.119790256023
1595942767470442056    0.277264506565 0.670428748121 0.09682246845 -0.0134090180178 0.00196840494631 0.0447767732843 0.998905082674 0.0136132249609 0.0411724336445 0.105471819639
1595942767495848894    0.266958557682 0.634368160276 0.00526943611582 -0.0109416222716 -0.00653667260479 -0.0453490737875 0.998889890989 0.0310236215591 0.0628371238708 0.0847053006291
1595942767520530939    0.273232500615 0.680420473303 0.0859643520816 -0.0131845166215 0.00229385409183 0.119441106009 0.992751091135 0.0108908284456 0.0436693020165 0.10047648102
1595942767545768022    0.259840952588 0.647263701601 0.00642973352578 -0.0132781588516 0.00081564587472 -0.0202251445634 0.999706941432 0.0459556505084 0.0908048525453 0.101674288511
1595942767570961952    0.261069829431 0.646214150443 0.00591675649944 -0.0127910120879 -0.00248022524572 -0.0520194577675 0.998561071996 0.0429545603693 0.0941681563854 0.100736446679
1595942767595366001    0.263154024762 0.643823419276 0.00641023087634 -0.0126702447439 -0.00174298608931 -0.0875425413028 0.996078676792 0.0391327925026 0.0887373834848 0.100279517472
1595942767620628118    0.264301750376 0.645781326703 0.00448691885991 -0.0127747355044 -0.00109397175857 -0.0329214413199 0.999375699154 0.0370750948787 0.0895656421781 0.0959521979094
1595942767645739078    0.260471190511 0.644615553397 0.00711197686119 -0.0127240991432 -0.00121227755829 -0.0361108799143 0.999266046674 0.0441905297339 0.0861876532435 0.102203004062
1595942767670448064    0.261002434728 0.647164147075 0.00450112074619 -0.0129815096901 -0.000138779079855 -0.043116641602 0.998985693773 0.0460494868457 0.0919624343514 0.0968526899815
1595942767695462942    0.266273533958 0.644452832548 0.00579142660037 -0.0127344416417 -0.00149872907956 -0.0628654894162 0.997939636475 0.032429844141 0.0906130895019 0.0996409803629
1595942767720465898    0.256515051017 0.644227801332 0.00819595610099 -0.0129503315445 -0.00100389390893 0.0189860624356 0.999735370257 0.0526711083949 0.0839481800795 0.103297360241
1595942767745511054    0.259822260543 0.644219152999 0.0130184355886 -0.0126204324608 -0.00111991300644 -0.10544851457 0.994344045718 0.0470020137727 0.0890035405755 0.10651717335
1595942767770512104    0.261294550822 0.651502211203 0.00375792352027 -0.0125227691996 -0.000520050985748 -0.0582370085731 0.998224103411 0.0402480177581 0.0912726745009 0.0949916020036
1595942767795413017    0.260937782525 0.652908920698 0.00529695262251 -0.0126616762752 -0.00131013450488 -0.0350049350993 0.99930606924 0.042339053005 0.0890584215522 0.0973515659571
1595942767820648908    0.262193894862 0.654257946078 0.00339935111802 -0.0126291401924 -0.00031432235983 -0.0142266945084 0.999818987209 0.0408840291202 0.0866525098681 0.0958382636309
1595942767847481012    0.260409069289 0.655113890993 0.01039839204 -0.0126910942009 -0.000237957197592 -0.0326595000052 0.999385929741 0.0486899651587 0.0904724374413 0.107500478625
1595942767870443105    0.260636771187 0.658586831289 0.0184023776894 -0.0124735023929 -0.000999880358774 -0.0641231400208 0.997863535205 0.0401707030833 0.0831368342042 0.121629536152
1595942767895349025    0.260300941222 0.660246679466 0.00778474771505 -0.0118179805709 -0.00204427710926 -0.0355335037844 0.999296515743 0.0404859296978 0.0884434878826 0.0975033789873
1595942767920360088    0.261652144993 0.658243235672 0.0168625938167 -0.0124216294659 -0.000341851811746 -0.0117815034066 0.999853380469 0.0418398194015 0.0893673151731 0.119804523885
1595942767945847034    0.259369838414 0.657927092924 0.00154191363185 -0.0125180554997 -0.000294125623518 -0.00956493411201 0.9998758542 0.0466139614582 0.0841006115079 0.0915453061461
1595942767970596075    0.26187076821 0.657464981164 0.0159590390452 -0.0119822962777 -0.00272672421195 -0.0554121439398 0.998387942563 0.0410092584789 0.0885414555669 0.117155596614
1595942767995429039    0.258458885597 0.651664632726 0.00841050451479 -0.0124969259303 -0.000865919926947 0.0585259126892 0.998207290381 0.0508682653308 0.0751987546682 0.102514855564
1595942768020417928    0.259940130338 0.659662663589 0.014158204634 -0.0123315810594 -0.00182646439677 -0.0524683113223 0.998544777385 0.0431606173515 0.0908065736294 0.117974206805
1595942768045418024    0.257239473308 0.659419696589 0.00735380787845 -0.0122377285394 -0.00245097799522 -0.0742375771396 0.997162480666 0.0444701574743 0.0922489464283 0.102159708738
1595942768070385932    0.261590766642 0.65659219959 0.0167583921472 -0.0118611100016 -0.0021719009179 -0.1026437999 0.994645086077 0.0366188921034 0.0898183956742 0.121036425233
1595942768095669031    0.267158768742 0.655437057085 0.0070785688857 -0.0123962141865 -0.00147174529549 -0.0207576805367 0.999706600227 0.0376576408744 0.0806271880865 0.097103074193
1595942768120640039    0.268177728102 0.655115646483 0.0159450549369 -0.0124129769144 -0.00237990866597 -0.0735730395183 0.997209738167 0.0308005977422 0.0788857862353 0.11789072305
1595942768148319005    0.2665582174 0.645814430559 0.0194885191806 -0.0118678165727 -0.00441206959085 -0.177107517765 0.984110062809 0.0366609878838 0.0819728672504 0.118216477334
1595942768170535087    0.265557169486 0.640909343549 0.00860389805885 -0.0124418155691 0.00151825613284 0.217410221877 0.975999841981 0.0339931696653 0.082385122776 0.104882352054
1595942768195395946    0.265959503693 0.640335048229 0.0193060340874 -0.0123343915647 0.001404235238 0.190121347809 0.981682109451 0.034430872649 0.0791187360883 0.127711385489
1595942768220822095    0.265324880821 0.638480722183 0.0210036309443 -0.0126341176373 0.00196179414342 0.207973121007 0.978050975857 0.0353892892599 0.0762414485216 0.129611432552
1595942768245436906    0.262955583503 0.638155978925 0.00699219340933 -0.0125004185705 0.00205619982317 0.232727494665 0.972459472063 0.0368156991899 0.0838960781693 0.0981171950698
1595942768270616054    0.261387470465 0.640674705163 0.0204220134035 -0.0124271289204 0.000818621075306 0.184721810349 0.982711935975 0.0416672714055 0.0781031996012 0.128754496574
1595942768295763969    0.262205426477 0.639752671392 0.00711088795728 -0.0123669805817 0.00136012179476 0.242430029542 0.97008911376 0.0365369841456 0.0808549970388 0.100733689964
1595942768320653915    0.264108929821 0.638889955859 0.0202518648527 -0.0126779654956 0.00159703012765 0.250152201597 0.968122200304 0.0348894186318 0.0836065486073 0.126209110022
1595942768345393896    0.263821215523 0.639024759474 0.00766794890447 -0.0124455699264 0.00201623492868 0.227092514276 0.973791575516 0.0353943295777 0.0813030973077 0.10466953367
1595942768370423078    0.265361857964 0.639818890615 0.00488072751614 -0.0123010878299 0.00170992118211 0.212417386859 0.977100103965 0.0358273126185 0.084377899766 0.0976896733046
1595942768395330905    0.265029306212 0.641388706703 0.0129949879404 -0.0124620986381 0.00241297473879 0.243477320869 0.969823524087 0.0285483244807 0.0885044038296 0.110743865371
1595942768420653104    0.264866655206 0.641751737363 0.0215887827565 -0.0124110897485 0.00208709763784 0.219443246479 0.975544089444 0.0343678668141 0.0817834585905 0.128000840545
1595942768445571899    0.269224926037 0.644521135624 0.0114967822407 -0.0122449726074 0.00180425594671 0.205056411654 0.97867189259 0.0235356818885 0.079678632319 0.104779087007
1595942768470587015    0.264527150933 0.642900205741 0.0181827744679 -0.0124785925441 0.00112546269507 0.184334655202 0.982783675563 0.0360442213714 0.0855675935745 0.124688513577
1595942768497467041    0.265509071895 0.643379049981 0.00883449532024 -0.0124506720666 0.00215934458597 0.204401043127 0.978805665883 0.0348699130118 0.0849706530571 0.101006142795
1595942768520581007    0.263477476743 0.643285386787 0.00877823313334 -0.0126091780582 0.0015144552541 0.194527121403 0.980814923466 0.0392190553248 0.0869136303663 0.106066964567
1595942768545696020    0.263668247835 0.643992315127 0.0196179895748 -0.0126854560046 0.00131986506968 0.213454272391 0.976869802359 0.0404772721231 0.0844239965081 0.127227053046
1595942768570363044    0.267872048052 0.641583812247 0.0069153656441 -0.012644424077 0.00038727757421 0.166469663201 0.985965425251 0.0355613455176 0.0807406306267 0.101650513709
1595942768595839023    0.262441838703 0.643001187847 0.0188197652584 -0.0125446403988 0.00206223571187 0.21347344663 0.976866145777 0.0404196940362 0.0858169347048 0.126355499029
1595942768620618104    0.266041166376 0.642410879785 0.0215445907152 -0.0125461606854 0.00149465800076 0.235876211476 0.97170096877 0.0361425057054 0.0933016687632 0.126626804471
1595942768645507097    0.26638618962 0.644808686503 0.019778392132 -0.012345168862 0.00186930664768 0.177356120128 0.984067532821 0.0329248830676 0.086867891252 0.129023224115
1595942768670665025    0.267308569481 0.642936132483 0.0203431792551 -0.0124983445202 0.00115675006306 0.192504273456 0.981215856993 0.03317444399 0.0840649604797 0.126712843776
1595942768695395946    0.266023504318 0.642686534169 0.0108988797399 -0.0126732517147 -0.000315129597432 0.176065308883 0.984296853796 0.0347975827754 0.0831589028239 0.106762103736
1595942768720474004    0.265004340154 0.644380089793 0.00633553054639 -0.0122543632251 0.00165498531471 0.18203298241 0.983214668788 0.0370975323021 0.0841896757483 0.100369252264
1595942768745455980    0.267205554954 0.642461765891 0.0107525458271 -0.0125591178517 0.00130243393186 0.198955094214 0.97992726399 0.0307336337864 0.0859793573618 0.109254442155
1595942768770430088    0.264140808928 0.645668479145 0.0215457440418 -0.0124276558364 0.00216343071665 0.200019476691 0.979710713365 0.0361113026738 0.0874471887946 0.127047523856
1595942768795523881    0.265187625352 0.640977102928 0.0101936832064 -0.0125227272232 0.00062551385656 0.188152096809 0.98205986503 0.0365123562515 0.0894404351711 0.105633854866
