1595942800948092937    0.122799394967 0.757769793261 0.00841952449766 -0.0113135434501 -0.00294757298511 -0.0956546436217 0.99534592213 0.0440001450479 0.0693188160658 0.0916383042932
1595942800973193883    0.122677253192 0.75703454929 0.00875210851492 -0.0114138355568 -0.001390504712 -0.096831930166 0.995234328264 0.044590678066 0.0716333091259 0.0926567018032
1595942800998274087    0.119216951629 0.754366291883 0.010017261931 -0.0105498771221 -0.0040379779802 -0.225579488339 0.974159273049 0.0507289990783 0.0730659887195 0.0941539406776
1595942801023598909    0.122845693076 0.757408564792 0.00757891872159 -0.0113643215471 -0.00140821583937 -0.111226024613 0.99372915856 0.0436050407588 0.0677391663194 0.0960409417748
1595942801048269987    0.123141222005 0.757143673236 0.00566177431154 -0.0114451190987 -0.00206764073703 -0.0617862372503 0.998021640545 0.0459214299917 0.069184936583 0.0951156020164
1595942801073132038    0.123136107605 0.754348255369 0.00977325056158 -0.0110094345133 -0.00291289482405 -0.147961835422 0.988927501212 0.0431766360998 0.0683025047183 0.0944137945771
1595942801098040103    0.125105381856 0.755702439432 0.0091495092609 -0.0117108990046 -0.00165499780371 -0.120606441305 0.992629942195 0.0428250655532 0.0651314929128 0.0938763469458
1595942801123112916    0.12016945601 0.757918110943 0.00952619157277 -0.0114954506052 -0.00280829976327 -0.148347635457 0.988864473587 0.0456559099257 0.0699695572257 0.0929465219378
1595942801148957967    0.125789445097 0.75762881585 0.0100889466713 -0.0110270430552 -0.00282921370549 -0.103564850345 0.994557550695 0.0445437543094 0.0693753585219 0.0944015085697
1595942801173096895    0.12329721074 0.758221582318 0.00880038745893 -0.0116746217596 -0.00190976310036 -0.099813639801 0.99493582372 0.052555847913 0.0685037449002 0.0937390699983
1595942801199788093    0.122983629567 0.755483202819 0.00145234140454 -0.0113686663894 -0.00362773897194 -0.170425448683 0.985298309841 0.0416014567018 0.0696161240339 0.0919170156121
1595942801223467111    0.122588861906 0.756659693119 0.00841896255324 -0.0120240031105 -0.00123734505756 -0.0667879307496 0.997693973437 0.0509126745164 0.0693523734808 0.0909850597382
1595942801251524925    0.12298463675 0.756231603985 0.00451803159011 -0.012063018806 -0.00186731230219 -0.0753651714514 0.997081284377 0.0425359718502 0.0667226091027 0.0913841202855
1595942801273257970    0.122096432495 0.754166117456 0.00382159600831 -0.011884665034 -0.00246236632501 -0.162637433617 0.986611249011 0.052890021354 0.0667733475566 0.0909147113562
1595942801298114061    0.118914136237 0.756824862378 0.00526893837807 -0.0120458294903 -0.00118548853669 -0.128322057879 0.991658682244 0.0518949218094 0.0686706006527 0.089036308229
1595942801323374032    0.123643970913 0.755471528747 0.00860208189035 -0.0122678633589 -0.00215775521474 -0.16001371166 0.987036197767 0.046075925231 0.0693819522858 0.0898312777281
1595942801348718881    0.125713097381 0.755852626205 0.00688976445378 -0.0119834208083 -0.00228035172837 -0.131182383934 0.99128319857 0.0405920892954 0.0686228498816 0.0878893882036
1595942801373013973    0.124496721186 0.752728865926 -0.00157790744162 -0.0119760152205 -0.00326500780656 -0.233489000393 0.972280207285 0.0407191216946 0.0692886337638 0.0849074870348
1595942801398441076    0.12333688847 0.756278051549 0.0056347025677 -0.011901670433 -0.00285011768799 -0.139177239753 0.990191861714 0.0409126132727 0.0685445442796 0.084448479116
1595942801423721075    0.127555829889 0.756687450965 0.00348002457291 -0.0117189348045 -0.00277120678889 -0.0941260861052 0.995487451902 0.0344530232251 0.0694798529148 0.0852045342326
1595942801448276042    0.120516241502 0.759160058673 0.00487722774686 -0.0117155680664 -0.00240469734577 -0.105107068119 0.994388991857 0.0490899346769 0.0677026212215 0.0833245739341
1595942801473278045    0.124682311496 0.756373293099 0.00595706356467 -0.0116659496971 -0.00379272624448 -0.127668595419 0.991741019919 0.0438660606742 0.0707904398441 0.0840764045715
1595942801500833034    0.121340625251 0.756498504333 0.00610654230944 -0.0119641012193 -0.00248211171928 -0.142264085503 0.989753317438 0.050971377641 0.0698763877153 0.0838931277394
1595942801523235082    0.121607629409 0.75756077512 0.00165350628264 -0.0119019678032 -0.00221174356247 -0.0753274761655 0.997085363792 0.0550649091601 0.0699605643749 0.0838302746415
1595942801551151037    0.122340358269 0.753408459911 0.00446735094552 -0.0114209988662 -0.00399856015723 -0.169200540985 0.985507356255 0.0513447262347 0.0672651603818 0.0819940418005
1595942801573153972    0.120166328735 0.757879175204 0.00668130979857 -0.0120301283038 -0.00217006748536 -0.0848279019918 0.996320628043 0.0512815378606 0.0693079009652 0.0828872993588
1595942801598083019    0.122237701933 0.75929966441 -0.000294467965285 -0.0120393611945 -0.00210616805364 -0.0957435021924 0.995331000033 0.0503290109336 0.0683753117919 0.0810874849558
1595942801623155117    0.122475995006 0.755528291921 0.00358167307739 -0.011439558425 -0.00247222828662 -0.16071990962 0.986930663847 0.0530286245048 0.0700139552355 0.0815581455827
1595942801648205041    0.126948525723 0.755034168901 0.00331504037686 -0.0111447222615 -0.00430422351407 -0.135375588492 0.990722321776 0.0356222614646 0.0717038139701 0.0852387994528
1595942801673134088    0.124879025633 0.755105548618 0.00826838100458 -0.0104679956535 -0.00579695802265 -0.16317052019 0.986525315279 0.0424527302384 0.0714994072914 0.0906100869179
1595942801699315071    0.124904249426 0.755367735339 0.000828189870275 -0.0100817738814 -0.00500902541211 -0.134642862647 0.990830241282 0.0458822287619 0.071063645184 0.0824549943209
1595942801723115921    0.12581587266 0.756226493633 0.00603628535323 -0.0095930978134 -0.00448533614095 -0.149789463166 0.988661201301 0.039624299854 0.0694628730416 0.0822781696916
1595942801750382900    0.119239014702 0.757429428383 -0.00249063972888 -0.00932759458168 -0.00394375817133 -0.112437641158 0.993607175699 0.0467470400035 0.0710707083344 0.0789400935173
1595942801773027896    0.125981166257 0.759759191071 -0.000252773054063 -0.00963819884981 -0.00296460258434 -0.0509408797144 0.998650761292 0.0425833463669 0.0700716823339 0.0761810317636
1595942801798095941    0.12099105484 0.757709882334 0.00259112577582 -0.00967853307189 -0.00353668663549 -0.0383312946105 0.999211954341 0.0469061695039 0.071125023067 0.0785293653607
1595942801822999954    0.122493215755 0.757462093876 0.0035070488292 -0.00951894332198 -0.00499445700048 -0.115271393084 0.993275868555 0.045767236501 0.0701593309641 0.0808425694704
1595942801859324932    0.125853625755 0.756977843502 0.00258424018794 -0.00949975585358 -0.00476607566354 -0.0764769083289 0.997014704833 0.0389451421797 0.0697925835848 0.0795903578401
1595942801873181104    0.122701810435 0.755204862455 -0.00269006530157 -0.00894199516596 -0.00552520601779 -0.153999494238 0.988015014357 0.044471655041 0.0703824386001 0.0769701451063
1595942801898045063    0.12289496587 0.758103362058 0.00235263825906 -0.00931358430739 -0.0037571165665 -0.0832274034872 0.996479974978 0.0441010817885 0.068683758378 0.0765020176768
1595942801923080921    0.129184413931 0.756288429259 0.000524149683461 -0.00962893457643 -0.00191397089976 -0.0791975882677 0.996810595021 0.0343543887138 0.0673803910613 0.0765516161919
1595942801948276042    0.124921485686 0.756755015939 -0.00183103093338 -0.00954360098884 -0.00232151876829 -0.0487722177863 0.998761633726 0.0455033108592 0.0655808448792 0.0782614126801
1595942801972970008    0.124077794564 0.755731042579 0.00267055534316 -0.00930890419557 -0.00311785350157 -0.0632144435644 0.997951680903 0.0507158525288 0.0663667693734 0.0751307308674
1595942802000356912    0.122821951685 0.756035443426 0.00245373042934 -0.008585467407 -0.00341035177163 -0.133393298927 0.991020124443 0.0391107797623 0.0669710636139 0.0766407176852
1595942802023044109    0.127077071895 0.757135193045 0.00282178403312 -0.00929393189632 -0.00359413119037 -0.0794004021014 0.996792998168 0.0385036319494 0.0636055096984 0.0754905566573
1595942802048007011    0.123595399899 0.756055996988 0.00353474074549 -0.00934927649654 -0.00385497773949 -0.0871637668959 0.996142664439 0.0413268059492 0.0648261457682 0.0779985785484
1595942802073041915    0.122022542551 0.755104931788 0.000493391660482 -0.0090667653034 -0.00443530330802 -0.162580121897 0.98664371777 0.0487931333482 0.0706780999899 0.0785107240081
1595942802100388050    0.123643189405 0.757123617958 -0.00199489180863 -0.0095761357435 -0.00376430170386 -0.0439338307309 0.99898145437 0.045685518533 0.069390527904 0.0771946832538
1595942802123106956    0.123884566242 0.757182210596 0.00231022090257 -0.00939565131704 -0.00176387266702 -0.090919748659 0.995812336634 0.0450960025191 0.0700891762972 0.0767301172018
1595942802148202896    0.121609129056 0.754839496541 -0.00262327778045 -0.0090856001625 -0.00389909388387 -0.117903057234 0.992975889955 0.0517904981971 0.0725893974304 0.0769919976592
1595942802173180103    0.119446401053 0.75540927479 0.00173940504717 -0.0087161747653 -0.00472804549501 -0.205283302899 0.978652358825 0.0474706441164 0.0690176635981 0.0797490105033
1595942802198154926    0.125701727551 0.757695661159 0.0147400771067 -0.00875129341878 -0.00499249109588 -0.106321185546 0.994280793036 0.044228605926 0.0712462514639 0.109225906432
1595942802223292112    0.123866697981 0.760992703993 0.0120195792249 -0.00900135354863 -0.00453801803175 -0.0332696765257 0.999395572659 0.0391013212502 0.0750416368246 0.105812169611
1595942802248233079    0.125069692602 0.76172939807 0.0193553281629 -0.00864996772612 -0.00514161900729 -0.0788333433569 0.996837020675 0.0422296375036 0.0752430260181 0.111181035638
1595942802273138046    0.124090414611 0.759714594703 0.0205178685628 -0.00855312861314 -0.00271518074204 -0.03419088167 0.999375032405 0.0407676659524 0.0740851536393 0.109967954457
1595942802298331975    0.123324659907 0.757930207232 0.000536221047855 -0.00814843570149 -0.00446171677919 -0.10292912518 0.994645309278 0.0462518446147 0.06843572855 0.0739400535822
1595942802323035955    0.123049191559 0.757725593198 -0.000507020299936 -0.00802883886098 -0.00453050800048 -0.0601148759926 0.998148893667 0.0404248349369 0.0712887942791 0.0750378295779
1595942802349430084    0.122981691688 0.753720810478 0.00116284584763 -0.00698321056959 -0.00542346270158 -0.17086367605 0.985255005077 0.039652749896 0.0662858262658 0.0745842307806
1595942802373136043    0.124887792259 0.76026205814 0.00323080629494 -0.00800171339869 -0.00209110254597 0.00509436109081 0.999952822566 0.0365661419928 0.0693106204271 0.0784348919988
1595942802411393880    0.120321669217 0.763401145441 0.0141033157181 -0.00798596581285 -0.00291224243405 -0.0425428039026 0.999058483288 0.0432295762002 0.0819775462151 0.0996254533529
1595942802424154996    0.121747274669 0.763803728915 0.0166349973542 -0.00819541122907 -0.00289127793988 -0.0339555744821 0.999385558585 0.0445028506219 0.0773691236973 0.102448552847
1595942802451257944    0.121724319021 0.766056070185 0.0140380721092 -0.00815201057911 -0.003445527141 -0.0239019001566 0.999675133348 0.045811150223 0.0801270231605 0.101241312921
1595942802473443984    0.122556076041 0.760367156298 0.0158444593917 -0.00802965386245 -0.00477306310526 -0.053538531256 0.998522091993 0.0439115762711 0.0718469619751 0.101104937494
1595942802498008966    0.120685246409 0.760270918397 0.0148557244502 -0.0082617086616 -0.00378438725449 -0.0272784161232 0.999586569836 0.0440169200301 0.0707005187869 0.0989236533642
1595942802523209095    0.12258422009 0.761680991817 0.00899748259263 -0.00738073463742 -0.00420013167683 -0.124868634064 0.992136940083 0.0472882539034 0.0798429176211 0.0987599864602
1595942802547996997    0.121155926397 0.763006763651 0.00200224297505 -0.00722952450061 -0.00262572466544 -0.0277160755872 0.999586243753 0.0423276387155 0.0701944679022 0.0771686062217
1595942802572999954    0.123493608246 0.765030086928 0.00366018519194 -0.00668612877878 -0.00357571322257 -0.141192431196 0.989953133906 0.0333575829864 0.0634026601911 0.0817584469914
1595942802598061084    0.120592075544 0.771033586841 -0.00243260174894 -0.00695398609576 -0.00309220823153 -0.00679939466585 0.999947922923 0.0438759662211 0.0665702968836 0.0774349793792
1595942802623256921    0.123228438742 0.765209911599 0.00310724086183 -0.00663621294694 -0.00326444873105 -0.114698215966 0.993372852109 0.0340178348124 0.0654326602817 0.0782420188189
1595942802649223089    0.120802863928 0.767246606525 0.00441204285349 -0.00621788728197 -0.00326051286937 -0.101533423206 0.994807353665 0.0449860356748 0.0731678828597 0.0764841288328
1595942802674138069    0.118801798207 0.768550631247 0.00469130624248 -0.0069023330495 -0.00361116698702 -0.0391572599629 0.999202695284 0.0443515516818 0.0648512840271 0.0790209770203
1595942802701128005    0.120883068994 0.773979630013 0.010781460829 -0.0069005163951 -0.00289215268941 -0.0041963292388 0.999963203897 0.0430126711726 0.0769159197807 0.102097973228
1595942802722994089    0.12292645492 0.777608550509 0.0128845499423 -0.00649640339582 -0.00350933160129 -0.06005482894 0.998167770896 0.040016528219 0.085965000093 0.0953518003225
1595942802748150110    0.126064900957 0.773257993143 0.0111762849646 -0.00694962722222 -0.0030040301374 -0.0552974047614 0.998441222862 0.0320852696896 0.0780643895268 0.100234739482
1595942802773173093    0.126786634328 0.770649146606 0.0177778822987 -0.00695707887413 -0.00343654608538 -0.0823675659292 0.996571810402 0.0316491276026 0.0785451680422 0.105217628181
1595942802798295021    0.127078189928 0.768495867431 0.00999085899511 -0.00728355199023 -0.00435376538584 -0.0548407220128 0.998459057652 0.0376943126321 0.0848733559251 0.0998785048723
1595942802823616981    0.123517072874 0.729003080437 0.0135374675979 -0.00776326713584 -0.00589883726926 -0.178428926344 0.983904494169 0.0461038611829 0.0817678868771 0.104072459042
1595942802848304033    0.128327009774 0.722143035655 0.0146773980034 -0.00743446388566 -0.00641192746919 -0.213254376908 0.976947381727 0.0533577911556 0.0728290379047 0.107174359262
1595942802873220920    0.129301230271 0.723692819944 0.00837447275038 -0.00766368386426 -0.0066531604634 -0.188256361323 0.982067485373 0.0611066445708 0.0722761303186 0.0989771410823
1595942802898138999    0.125945698178 0.725209882104 0.0143681736976 -0.00708193984015 -0.00686973187475 -0.266128109875 0.963887172882 0.0452442504466 0.0695556625724 0.104706607759
1595942802922976970    0.122120432376 0.724178990686 0.0185648287247 -0.00651442496464 -0.00687780637551 -0.310943212899 0.950381279487 0.0476188920438 0.0764089971781 0.108265191317
1595942802950895071    0.123207737768 0.726880759121 0.0201032142112 -0.00693967214934 -0.0071608530644 -0.277842001592 0.960575028452 0.0531153567135 0.0685935840011 0.110211744905
1595942802973284959    0.127276184347 0.724074413739 0.0155835252127 -0.00708311923151 -0.00676611294861 -0.207958383993 0.97808862567 0.0720269680023 0.0707766339183 0.111093379557
1595942802998100996    0.121387431055 0.727599279769 0.0202551038936 -0.00624769738498 -0.00674797043394 -0.269906606514 0.962842590942 0.0498899109662 0.071242660284 0.116405293345
1595942803023264884    0.125899145118 0.732916051537 0.0363661700457 -0.00681134298933 -0.00569175439417 -0.200235564653 0.979707572792 0.0366799421608 0.0663969367743 0.125625535846
1595942803048114061    0.12806333406 0.733972888907 0.0459203709835 -0.00652187624196 -0.00539421667563 -0.261252963321 0.96523326544 0.0314958356321 0.062173821032 0.126339733601
1595942803073081970    0.122472277777 0.731865782935 0.0434663319062 -0.00680167889017 -0.00586063022053 -0.279857331266 0.95999961683 0.03788972646 0.0680699273944 0.129501312971
1595942803098009109    0.12011249149 0.736915187708 0.0489481715751 -0.00637536451683 -0.00661340858181 -0.350986088914 0.93633561448 0.0387099944055 0.0625102370977 0.130636900663
1595942803122976064    0.125568007391 0.734572321796 0.0536231764971 -0.00668281805993 -0.00562233660697 -0.274533835607 0.961537780007 0.0329068899155 0.0607298724353 0.128023579717
1595942803148246049    0.117925680104 0.738920977402 0.0735020188284 -0.0068586188284 -0.00563798184024 -0.33379334594 0.942604463555 0.0327170044184 0.0486066937447 0.129955410957
1595942803173038005    0.115198858046 0.741470856402 0.085215540969 -0.00647640214512 -0.00561693759931 -0.353591008726 0.935360842015 0.0263968259096 0.051674708724 0.131504759192
1595942803200917005    0.114307321152 0.737612086123 0.0919972928629 -0.00598227892478 -0.00649132503253 -0.372722412742 0.927900898845 0.0221528355032 0.0507734306157 0.128906533122
1595942803222937107    0.102381013215 0.73924336932 0.101508294843 -0.00844599896863 -0.00143664093362 0.246399230763 0.969130548607 0.0343688130379 0.0573490671813 0.128394261003
1595942803247917890    0.102504229114 0.739225304444 0.101458903968 -0.00772779376541 -0.00033035497387 0.246972110054 0.968991717676 0.0343209691346 0.0573180355132 0.128438815475
