1595942746382775068    0.190212130166 0.650762140934 0.0287627521761 -0.00860381700519 -0.00383010460933 -0.122847140264 0.992380917169 0.0233264099807 0.0579987838864 0.13493104279
1595942746407591104    0.188368995149 0.654964767684 0.0259814388073 -0.00899520714502 -0.00319805081545 -0.0352215692608 0.999333928063 0.0314580313861 0.0627674683928 0.132716611028
1595942746432838916    0.188268743303 0.653865413937 0.0281316255287 -0.00862209459478 -0.00342243249358 -0.0763777544806 0.997035799288 0.0288551878184 0.0637885481119 0.134214043617
1595942746457885026    0.189564676083 0.655586286097 0.0288248961533 -0.00888692227395 -0.00409362136132 -0.0434126687974 0.999009311801 0.0257553849369 0.0625511854887 0.134955748916
1595942746482672929    0.189255143066 0.654561187119 0.03161803734 -0.00882797901072 -0.00369254156155 -0.0500444070109 0.998701151121 0.0276578944176 0.0614135786891 0.13756993413
1595942746507894039    0.188919589941 0.65239736224 0.0271510092081 -0.00882141135769 -0.00413139828325 -0.0813328838853 0.996639391279 0.0259267445654 0.0586191155016 0.134279981256
1595942746532649993    0.190315926509 0.649721364003 0.0287403279548 -0.00811225137314 -0.00560207778504 -0.161843417837 0.986767204666 0.0222866348922 0.0560452453792 0.137065365911
1595942746558027982    0.18957558008 0.651815139508 0.0281106499661 -0.00857098572984 -0.00458739913165 -0.119816305968 0.992748481136 0.0244684200734 0.0577643178403 0.138366684318
1595942746582820892    0.187745796775 0.65384812794 0.0226359815774 -0.00861082073531 -0.00369567641391 -0.0795196635093 0.996789254987 0.0272434093058 0.0623751208186 0.127982407808
1595942746607654094    0.190793599022 0.651197339486 0.0236360039434 -0.00845574609941 -0.00432738248581 -0.140143907331 0.990085581835 0.0243856366724 0.058605555445 0.12371276319
1595942746632694959    0.188932234502 0.654320366086 0.0314402117787 -0.00959428850586 -0.00220716120932 -0.0742001959277 0.997194769838 0.0252149309963 0.0604248903692 0.141901090741
1595942746657860040    0.187635201303 0.651312126401 0.0317748017693 -0.00970129305805 -0.00215634127505 -0.155829527591 0.987733968959 0.0273920726031 0.0626568570733 0.14034076035
1595942746682734012    0.190764126861 0.654899481083 0.0316020878058 -0.0101456044821 0.00025347829625 -0.0706415833312 0.997450133672 0.0235853791237 0.0600309632719 0.142553016543
1595942746707699060    0.189791779419 0.652151983196 0.0301849289578 -0.0103707410554 -0.00178490872343 -0.114127077019 0.99341042481 0.02450963296 0.0620529353619 0.142334356904
1595942746735697984    0.187020007498 0.659397837382 0.0329030136843 -0.0102174443362 0.000806796085367 0.0139740230427 0.99984982852 0.0288010220975 0.0642146319151 0.143110990524
1595942746758034944    0.186781549232 0.658315818743 0.0297410335389 -0.0107486666656 0.000663794412597 0.0249418352499 0.99963089708 0.0297283101827 0.0657465234399 0.142084121704
1595942746782953977    0.188164531776 0.655094840969 0.029688578674 -0.0105634542168 0.000939767706778 -0.0496354547226 0.998711095315 0.0263954289258 0.0606609620154 0.14190594852
1595942746807946920    0.188069780786 0.660769722169 0.0340340562267 -0.0105129431452 0.00173809153143 0.0583940075059 0.99823674394 0.0262157656252 0.062358379364 0.143852636218
1595942746832875013    0.189090251473 0.655140438578 0.0338090177014 -0.0110546120949 0.0018752486499 -0.047830737196 0.998792520784 0.027201063931 0.0623701363802 0.143434196711
1595942746858037948    0.187812770611 0.656653761657 0.0321383923077 -0.0098469056862 0.000520838265366 0.00141373120872 0.999950383039 0.027871305123 0.0626877099276 0.140376865864
1595942746882745981    0.190080192352 0.653864072904 0.0313409150146 -0.00896027745891 -0.00193918129598 -0.105812109308 0.994343879414 0.0248833652586 0.0587682239711 0.140291288495
1595942746907928943    0.184847008745 0.648681545484 0.0306012959231 -0.00906068215398 -0.00181141216734 -0.200142961661 0.979723133198 0.0317273400724 0.0608539022505 0.140686690807
1595942746932701110    0.189341003023 0.657506512136 0.032195389588 -0.0102081609041 0.000911602753132 -0.00122481271755 0.999946729714 0.0263229813427 0.0613836124539 0.141431048512
1595942746957927942    0.188294775543 0.65237699929 0.0294905385594 -0.0106622951966 0.00108076103172 -0.0827075679492 0.996516234499 0.0270354002714 0.0605285577476 0.139719352126
1595942746982922077    0.18851460937 0.653434065237 0.0325626131817 -0.0112731673185 0.0019368209688 -0.105873197236 0.994313849109 0.0259311012924 0.0590174607933 0.141175195575
1595942747007879018    0.187337089259 0.647327596991 0.0327491483313 -0.01168882319 0.00070529058652 -0.204296447974 0.978839024213 0.0267256945372 0.0596301853657 0.14195330441
1595942747032913923    0.189121304928 0.650592944419 0.0324998342033 -0.0113014827384 -0.000183898337522 -0.180401935232 0.983528029308 0.0230346787721 0.059596799314 0.142695263028
1595942747057812929    0.186859641993 0.653900250314 0.0338958208095 -0.0113534189056 0.0014643781806 -0.082003557453 0.996566290841 0.0308658909053 0.0643689483404 0.142492413521
1595942747085356950    0.189686403508 0.65540706599 0.0313870612399 -0.011212156513 0.00275242440344 -0.0332832151882 0.999379276998 0.0264072194695 0.0609620660543 0.139994561672
1595942747107875108    0.189522349016 0.655552919645 0.0293175875579 -0.0115196766594 0.00233631518554 -0.0597711475315 0.998142899891 0.0266833640635 0.0625611841679 0.141273275018
1595942747132612943    0.187624278535 0.650521554209 0.0325975930042 -0.012607938736 0.00193332578517 -0.149070726551 0.988744264518 0.0279279500246 0.0626638382673 0.143484905362
1595942747157891035    0.187723173773 0.656149650299 0.0334865103968 -0.0121476577515 0.00295557260061 -0.0108496555486 0.999862982601 0.0289682578295 0.0615695714951 0.140972882509
1595942747182761907    0.187950704028 0.655055110793 0.0331006036665 -0.0129572145693 0.00353430242161 -0.075502660147 0.997055147726 0.0306176058948 0.0642371997237 0.147914946079
1595942747208045005    0.189276824387 0.657312212369 0.0337051306596 -0.0130793277823 0.0030202995613 -0.012487669579 0.999831919416 0.0265520010144 0.0606174357235 0.147986367345
1595942747232892036    -0.0441212810057 0.152539321173 0.074421026359 -0.0129090640946 0.00366788760488 0.167751865006 0.985737903528 0.0143939033151 0.0318934209645 0.106510385871
1595942747257860898    -0.0417556527646 0.152159249866 0.0673126481812 -0.0123721323114 0.00499405576878 0.306392913794 0.951811626387 0.0222362671047 0.0345514379442 0.106895379722
1595942747282808065    -0.0416909880855 0.151560745552 0.0683974563956 -0.0130096135828 0.00296288455252 0.113865935558 0.993406523025 0.0189702622592 0.033793695271 0.105638377368
1595942747307939052    -0.0413041027076 0.154356054938 0.0693863757989 -0.0128449031539 0.00422406105793 0.197773755474 0.980154430392 0.0249606128782 0.0319271534681 0.105638436973
1595942747333214044    0.18187021579 0.654246089949 0.0658152308911 0.990034884037 -0.0862516517298 0.109763349318 0.0185361298607 0.0418590418994 0.0629587769508 0.0146023025736
1595942747357853889    -0.0267210905035 0.153320155963 0.0824975418575 -0.0129049790931 0.0022044347203 0.183609851402 0.982912012568 0.0225993767381 0.0366288982332 0.112170346081
1595942747382700920    -0.0213788229553 0.156662457668 0.0784471020629 -0.0126455244868 0.000690018083419 0.142558532165 0.989705349835 0.0196453277022 0.0410507880151 0.108788281679
1595942747407867908    -0.0204451724021 0.154818492295 0.0690430371264 -0.0126391113344 0.000168411909888 0.079947646938 0.996718916371 0.0229214988649 0.0434025898576 0.111275061965
1595942747433080911    -0.0245845712779 0.152711663029 0.0700595521958 -0.0124602847287 0.00188897830576 0.170171324801 0.985333899387 0.0256588794291 0.043816536665 0.109423056245
1595942747457911014    -0.0258847382929 0.154448576662 0.0730053549494 -0.0127877785885 0.0012374372105 0.134889106229 0.990777407135 0.02988066338 0.0412246510386 0.11120968312
1595942747483154058    -0.0218372618469 0.156551455579 0.0817045889512 -0.0128254474426 0.000933420180527 0.126838116194 0.991840072242 0.0191142372787 0.0405295491219 0.112519443035
1595942747507858037    -0.0247944004797 0.15323007345 0.0808750870529 -0.0130088865598 0.00224834869091 0.247589064178 0.968775190175 0.0240469183773 0.0426233932376 0.111982546747
1595942747532762050    -0.0287511922562 0.156211607968 0.0703722764784 -0.0127414143361 0.00354760845036 0.204268160647 0.978825617452 0.0217507276684 0.0430175028741 0.110697776079
1595942747557924985    -0.0332147106683 0.1575481709 0.076595537091 -0.0124190258118 0.00485442828316 0.180436007069 0.983496339432 0.0265311356634 0.044155549258 0.11000815779
1595942747584280014    0.188642787908 0.657632102917 0.0368519865241 -0.0135158497322 0.0022045821132 0.0165485140615 0.999769277537 0.0293605104089 0.0610619857907 0.152737647295
1595942747607883930    0.191295810224 0.653608660431 0.0308444870639 -0.0131782621983 0.000905513012167 -0.0715005585185 0.997353088722 0.0237474944443 0.0581774562597 0.147632315755
1595942747632837057    -0.0259034012524 0.153319966473 0.0709658453377 -0.0129766507249 -0.00264881462777 -0.33507026511 0.942100051882 0.0224858243018 0.0424418672919 0.109250463545
1595942747658238887    0.19003299062 0.654631326628 0.0320278180019 -0.0146047193599 0.00160340800437 -0.0681258602775 0.997568543217 0.0268387701362 0.0618737861514 0.150143712759
1595942747682704925    0.187906959169 0.651829279903 0.0372697771499 -0.0131974497107 -0.000143687825413 -0.113496392576 0.993450741379 0.029683412984 0.0633267015219 0.152408823371
1595942747708030939    -0.0196647307652 0.151752517172 0.0846630100434 -0.0121683685299 0.00590205270983 0.194453458402 0.980818509764 0.023028915748 0.0324468575418 0.111593060195
1595942747732911109    -0.0330470341781 0.154151770396 0.078554016791 -0.0132975670821 0.0033514884696 0.0169872686957 0.999761659065 0.0223468542099 0.0402141325176 0.111273869872
1595942747758136987    -0.0382902577046 0.153542016568 0.0727427320442 -0.0138396944099 -0.000222300560674 -0.148279223744 0.988848666504 0.032760668546 0.0401094891131 0.11138497293
1595942747782762050    -0.0254285848384 0.14961897375 0.0820447966003 -0.01337044333 0.00397129010798 0.110853802766 0.993738846233 0.0203984826803 0.0362025722861 0.12248044461
1595942747808180093    0.189432247462 0.651506420528 0.0362653527967 -0.0139081121485 -0.000851884141135 -0.139589429474 0.990111422967 0.0264454558492 0.0641049146652 0.149333015084
1595942747832716941    0.189438648848 0.655846299903 0.0366939411678 -0.0140197826947 0.00232783551865 -0.0455145721388 0.998862578435 0.0290402527899 0.0635423287749 0.151182591915
1595942747857744932    0.188759375089 0.651568194493 0.0330702945238 -0.0139042156907 -0.000261073747909 -0.137209187314 0.990444467673 0.0317632518709 0.0625273808837 0.150007247925
1595942747882886886    0.190348300964 0.658898429608 0.0316265536746 -0.0137205445598 0.00217809628888 0.0578357711163 0.998229445635 0.029063437134 0.0667330250144 0.148626580834
1595942747907880067    0.191606192844 0.650633179121 0.0359299164843 -0.0138558599733 -0.000485979519372 -0.148502746801 0.988814802256 0.0269969645888 0.0599127560854 0.152338474989
1595942747932646989    -0.0393536964986 0.15001859899 0.0644720213024 -0.0140428634687 0.00343869604297 0.099083784077 0.9949740585 0.0295505579561 0.0406258478761 0.106182441115
1595942747958004951    -0.0451693788111 0.154167671806 0.0590449334116 -0.0145844021734 0.00010675548917 -0.11652117824 0.993081113927 0.0226209443063 0.0420763976872 0.101819515228
1595942747982779979    -0.0462810290349 0.152353952691 0.0665573098107 -0.0139926508258 0.00481063216102 0.213863109866 0.976751572192 0.0277655124664 0.0453860685229 0.103844814003
1595942748007967948    -0.041552925615 0.156026046155 0.0674343935464 -0.0147551339915 0.00254461456258 0.0171540625898 0.99974074094 0.0171027053148 0.0447877310216 0.103796489537
1595942748010890007    -3.92349268008e-06 0.707931385582 0.0203242856609 -0.00731506998457 0.00199088440848 0.0730161690029 0.997301942841 0.052869386971 0.0712461844087 0.0949498638511
1595942748015069961    -3.92349268008e-06 0.707931385582 0.0203242856609 -0.00731506998457 0.00199088440848 0.0730161690029 0.997301942841 0.052869386971 0.0712461844087 0.0949498638511
1595942748035424947    -0.0443145840759 0.149602120155 0.0619720641831 -0.0128246973318 0.00773509519633 0.291861154028 0.956343433192 0.0248183179647 0.0416506268084 0.107336632907
1595942748057967901    -0.0447280767472 0.152062090654 0.0761129026938 -0.0138137521336 0.00501376809571 0.154596917668 0.987868328994 0.0185263697058 0.0364507175982 0.105693459511
1595942748082762002    -0.0481471362976 0.1562781096 0.0698259360618 -0.0142313218265 0.000475410985996 -0.0547451333008 0.998398825041 0.0231537055224 0.0371100082994 0.106024459004
1595942748107953071    -0.0534363307057 0.15721663631 0.0707239997768 -0.0143595923693 0.00396913468171 0.0759769921352 0.996998267171 0.0242958515882 0.0506341196597 0.103322766721
1595942748132759094    -0.0518463867184 0.154137494061 0.0708634519539 -0.0148558055053 0.00267254729528 -0.00485522670922 0.999874286752 0.0244144536555 0.0428339391947 0.104658506811
1595942748158010959    -0.0490676516359 0.148379502302 0.076389373053 -0.0138623155063 0.00567777173929 0.238091948421 0.971127089115 0.0253294594586 0.0385053642094 0.107710845768
1595942748182852029    -0.0502568071834 0.154652759235 0.0701477777222 -0.0146875443602 0.001189427146 -0.0475859184385 0.998758450112 0.0287840403616 0.0361930243671 0.105295881629
1595942748207938909    -0.0494299372369 0.15693001554 0.0712103107771 -0.014466166943 0.00181231466698 0.0489078618739 0.998696884233 0.0264533422887 0.0471758879721 0.107613384724
1595942748232944965    -0.0450022684391 0.151925662931 0.0702385275797 -0.014475725136 0.00101674403232 0.093483682975 0.99551505294 0.0180086214095 0.0383098423481 0.106209285557
1595942748257927894    -0.043326999723 0.149649227422 0.0693046099819 -0.0143669041102 -0.00156207980318 -0.175760842482 0.984326814743 0.0287737958133 0.0373827219009 0.105649322271
1595942748282824039    -0.0395294333796 0.154256671856 0.0836018101757 -0.014534284003 0.00175968946775 0.0904490236637 0.995793468647 0.0120243178681 0.028084686026 0.107216894627
1595942748308231115    0.188528143101 0.653478387046 0.0287920245609 -0.0144239490738 0.000190149547528 -0.103998162117 0.994472873342 0.028206108138 0.0604804493487 0.144493117929
1595942748332739114    0.189494302682 0.652447929999 0.0333257591409 -0.0140725157633 -0.000208591630884 -0.112635442601 0.993536701818 0.0273604243994 0.0622657313943 0.154905021191
1595942748358046054    0.18779094378 0.65523821983 0.031955137481 -0.0137988896902 -0.000644334703696 -0.0584006957451 0.998197642861 0.0338373668492 0.0675707384944 0.152031540871
1595942748382638931    0.187910326462 0.64910583957 0.0332871697418 -0.012276068965 -0.00366761441013 -0.163999492142 0.986377216542 0.0278626363724 0.0584474168718 0.148539632559
1595942748407722949    0.19083336464 0.65731153202 0.0357487575373 -0.0129963281928 -0.00285182954578 0.0107792690258 0.999853374191 0.0267358962446 0.0614628903568 0.150930792093
1595942748432668924    0.186251539898 0.649325359256 0.0293952735881 -0.011225640817 -0.00810009997081 -0.182752633431 0.983061467225 0.0326488688588 0.0629140436649 0.146885886788
1595942748457859992    0.188834783126 0.657626310112 0.0354798956392 -0.0122608531596 -0.00531313682915 0.0315503602126 0.999412836033 0.0286515560001 0.0613297857344 0.148555979133
1595942748482825994    0.189754891219 0.65747924905 0.0300453501709 -0.0122135385644 -0.00515835823599 0.00705208118188 0.999887238126 0.0266022663563 0.0604381673038 0.146132081747
1595942748507826089    0.188497791224 0.652674529291 0.0290805939215 -0.0112632631633 -0.00748515317185 -0.108591904149 0.993994421382 0.0249165017158 0.0588031262159 0.146631285548
1595942748522295951    0.188303139938 0.652395192258 0.0245077631108 -0.0073692460176 -0.000656749952309 -0.109240657997 0.993987797477 0.0251884534955 0.058780439198 0.137457951903
1595942748535317897    0.190246041655 0.659048328889 0.0307149153328 -0.0126054826609 -0.0035787417763 0.0576953949534 0.998248233565 0.0247947014868 0.060594085604 0.148271173239
1595942748557828903    0.190115441609 0.656899725052 0.028681921616 -0.0127157680348 -0.00302158967527 0.0266265840383 0.999560005333 0.0254634283483 0.0609243772924 0.144459560513
1595942748582607030    0.188628475486 0.656458845983 0.0352734701146 -0.0128310757993 -0.0025997040413 -0.0257143891835 0.999583600917 0.0283119436353 0.0628660321236 0.151905447245
1595942748607908010    0.188291639052 0.657341606798 0.0323040343517 -0.0126972718769 -0.00331642702171 -0.00511794956862 0.999900788674 0.0274607967585 0.06125087291 0.148693352938
1595942748632689952    0.189802509436 0.655691121651 0.0295963663446 -0.0124590970819 -0.00431230775713 -0.0542382563978 0.998440977947 0.0250128861517 0.059693261981 0.148247018456
1595942748657978057    0.190245675677 0.657401032689 0.0332516359183 -0.0127931380719 -0.00378803750375 0.0227063946336 0.999653142862 0.0292252954096 0.0615850798786 0.147346913815
1595942748683013916    0.189536478256 0.653450554644 0.0355624797947 -0.0128524713099 -0.00523152335377 -0.0882591347899 0.99600088869 0.027023172006 0.0598288327456 0.14840644598
1595942748707854986    0.191158739275 0.654579822572 0.0350671333638 -0.0131319764701 -0.0049262020934 -0.0694145605465 0.997489299447 0.0294407699257 0.0632194802165 0.148117467761
1595942748732701063    0.190463968479 0.654679425659 0.0302543284013 -0.0126892601939 -0.00440712187373 -0.0629110316481 0.997928735957 0.0268626976758 0.0606621168554 0.14567489922
1595942748757853031    0.18732954005 0.655029699279 0.0367968359428 -0.0127856409105 -0.00337218680017 -0.0457891688766 0.998863608185 0.033715762198 0.0656522512436 0.148643359542
1595942748782763957    0.189552593072 0.655906860752 0.0310855338916 -0.0132473626087 -0.00312814880504 -0.046281718546 0.998835684483 0.0298107638955 0.0613845065236 0.148044556379
1595942748807871103    0.19094062672 0.654827297826 0.0303241451637 -0.0129478581512 -0.00435156775992 -0.0536226193771 0.998467842005 0.0259948633611 0.0586899891496 0.147021457553
1595942748832633972    0.186344412691 0.649839075708 0.0315786678406 -0.0122351956291 -0.00448975712811 -0.19094010269 0.981515165066 0.0345758274198 0.0640944093466 0.148399233818
1595942748857958078    0.189947681132 0.653525981481 0.0312241640903 -0.0128544970561 -0.00271218990177 -0.112744074949 0.993537205894 0.0257041528821 0.062105961144 0.147922575474
1595942748882885932    0.191296367142 0.655219565583 0.0308676609506 -0.0126887848389 -0.00388110126336 -0.0357735174137 0.999271828505 0.0238079354167 0.0569933652878 0.145757928491
1595942748907839059    0.19272701293 0.653823297202 0.0344501502639 -0.0129113687747 -0.00240575593719 -0.0691543633378 0.99751951506 0.0198730994016 0.0548472180963 0.148021489382
1595942748932835102    0.188824875296 0.658353471595 0.0371234108075 -0.0133209965209 -0.00113483263184 -0.00406532717809 0.999902363394 0.0278743207455 0.064255669713 0.14947797358
1595942748958132982    0.18923600195 0.649891095291 0.0330219639584 -0.0125260324608 -0.00417363502034 -0.178322770928 0.983883462942 0.0254087280482 0.0607261769474 0.148806795478
1595942748983007907    0.188191577665 0.652133312773 0.0352005129448 -0.0125041743934 -0.00458909285398 -0.138515312203 0.990270717599 0.0285006668419 0.0611976720393 0.149311587214
1595942749007605075    0.19022546996 0.656228794539 0.0319332826872 -0.013009280363 -0.00194650014436 0.00559586160515 0.999897822827 0.025689817965 0.0600930862129 0.144584611058
1595942749023710966    0.190832925244 0.655913267073 0.0275483448194 -0.00745113615576 0.000512190767824 -0.00728930558332 0.999945540644 0.0253216288984 0.059294693172 0.135374262929
1595942749032778024    0.190836808879 0.657391654396 0.032159277276 -0.0130381476219 -0.00226088272222 -0.0148658973545 0.99980193049 0.0262286774814 0.0613131523132 0.14999204874
1595942749057796955    0.189000438069 0.658120751987 0.0300192263368 -0.0128856520488 -0.00263522748787 0.0142115671723 0.999812505876 0.0273626595736 0.061329074204 0.14667108655
1595942749082990884    0.189095060841 0.65254410554 0.0297584771387 -0.012676795095 -0.0037418759191 -0.133029302605 0.991023966349 0.0275054704398 0.0609887912869 0.147489190102
1595942749107822895    0.188421598094 0.655504719739 0.0344316323944 -0.0129666504855 -0.00249986306196 -0.0256145595428 0.99958466925 0.0275450646877 0.0603565238416 0.148273423314
1595942749133023023    0.189441857693 0.655008251843 0.0317274143852 -0.0125965895769 -0.00380188242789 -0.0495349073542 0.998685718619 0.0296498276293 0.0624097958207 0.145847499371
1595942749157725095    0.187044744977 0.65767664866 0.0290039699904 -0.0127518689887 -0.00343031817902 -0.0265037777668 0.999561490114 0.0308023225516 0.0681490674615 0.146535769105
1595942749182879924    0.18779990212 0.652609249987 0.0294711279578 -0.0123359357824 -0.0051388907352 -0.15997719461 0.987030249635 0.030183121562 0.065597243607 0.147134616971
1595942749207845926    0.189202886837 0.658468397436 0.0330774875067 -0.0128132850621 -0.0037548710857 0.0214087849066 0.999681641623 0.0281429253519 0.0624498277903 0.150010660291
1595942749232772111    0.188858382526 0.653987240405 0.0347891814856 -0.0122861700799 -0.00420704595923 -0.0818233635015 0.996562234873 0.0267687924206 0.060802128166 0.147112429142
1595942749257841110    0.19029961313 0.657522523958 0.0327996716234 -0.0124046812107 -0.00408472771351 -0.014911802246 0.999803519216 0.0261329635978 0.0629877522588 0.145466029644
1595942749282855987    0.188674591827 0.653301411959 0.0320269555631 -0.0120313104977 -0.00584438706551 -0.0995111373521 0.994946543413 0.0282308980823 0.063137948513 0.145225599408
1595942749308012962    0.188444308718 0.658927525725 0.0350154804386 -0.0130854265018 -0.00180925018772 0.00744443319799 0.999885032712 0.0281401649117 0.0625807121396 0.150177150965
1595942749332937002    0.187762814226 0.652329617916 0.0301385261242 -0.0135079233681 -0.001749219203 -0.109909391897 0.99384827907 0.0296729598194 0.0620247237384 0.146951198578
1595942749357917070    0.190987390507 0.657161363282 0.0330971632036 -0.0137123987554 -0.000285925991921 -0.0090757999557 0.999864749965 0.0258253756911 0.0615209937096 0.150292471051
1595942749382757902    0.18988641818 0.657733167456 0.0355862697819 -0.0137989850285 -0.000123210085583 0.00909580882708 0.999863410218 0.0265426058322 0.0603834539652 0.150902330875
1595942749407959938    0.189889011197 0.657099703662 0.0392077738154 -0.013489931828 -0.000470689434781 -0.0162545054578 0.999776770706 0.0249751918018 0.0620096251369 0.154251143336
1595942749432797908    0.188589426771 0.656127701033 0.0327607145406 -0.0139220058706 8.85204299913e-05 -0.0224651735672 0.999650681935 0.0296644810587 0.0621426440775 0.149909779429
1595942749458111047    -0.0388862392076 0.153032233636 0.08511669647 -0.0134945872392 0.00274007439728 0.228627571591 0.973416571472 0.0188985001296 0.0353659614921 0.108334518969
1595942749482893943    -0.0528948181474 0.151039889641 0.0705601914066 -0.013822219201 0.000115057869487 0.14195845637 0.989776100784 0.0292627327144 0.0418219901621 0.106994330883
1595942749507919073    -0.0478679470191 0.153749234446 0.0660817679129 -0.0136749995291 -0.000820413595022 0.144431521877 0.989419959773 0.0169004965574 0.0388391204178 0.104851350188
1595942749525044918    -0.0476360094806 0.153465596282 0.0629500341064 -0.00700204602408 0.00273451526774 0.143841547357 0.98957218182 0.0168365910649 0.0388768911362 0.0986922681332
1595942749532951116    -0.0524617284547 0.1532568723 0.0646368075356 -0.0136310779103 -0.00259085522937 -0.0853901442941 0.996250974625 0.0273755379021 0.0408070199192 0.106308199465
1595942749558079957    -0.0521307901921 0.153690133339 0.0799674080216 -0.0137994547706 0.000859822352438 0.107513396665 0.994107491819 0.0154518289492 0.0329479426146 0.107304401696
1595942749582979917    -0.0528672066975 0.153836011291 0.075800930337 -0.0137566663931 0.00361873787972 0.20693987651 0.978250247317 0.0180931948125 0.0339411273599 0.105652160943
1595942749607539892    -0.0498962461927 0.151332138592 0.0859308295694 -0.0140462474242 0.00284136876359 0.226269025566 0.973959422988 0.00748820370063 0.0390803478658 0.104708388448
1595942749632947921    -0.0566442760933 0.1494019544 0.0740326634499 -0.0135334427955 0.00354713154125 0.292952642844 0.956024587986 0.0270772296935 0.0417013019323 0.105257950723
1595942749657977104    0.190639952985 0.654029226062 0.0328057520462 -0.0140414619245 -0.00317446718684 -0.069210025347 0.997498236839 0.0251328293234 0.0587202981114 0.147555112839
1595942749682842016    0.190603902268 0.652687588312 0.0320064144053 -0.0140479397723 -0.00219360003293 -0.119106963511 0.992779620435 0.0265508368611 0.0595180280507 0.147536993027
1595942749707891941    0.189905159576 0.653727454253 0.0320401817361 -0.0140619182764 -0.00276275780191 -0.0907969286825 0.995766311624 0.0288105700165 0.0639642775059 0.146790504456
1595942749733022928    -0.0543946857985 0.156496523418 0.0821038764357 -0.0138687378239 0.00354658971924 0.247222528523 0.968852982244 0.0199179779738 0.0350656285882 0.103949405253
1595942749759831905    0.189762826919 0.651649968439 0.0350509952377 -0.0141794432763 -0.00310134689843 -0.124025825033 0.992172827566 0.0277418773621 0.0578812882304 0.148910626769
1595942749782619953    0.190492855671 0.659109018172 0.0333444908186 -0.0145200737036 0.000546695583179 0.0184812982421 0.999723616906 0.0231023356318 0.0590594299138 0.151579529047
1595942749807776927    0.191514947598 0.653100317079 0.0345102139865 -0.0146493042691 -0.000357416600208 -0.0908623681893 0.995755642808 0.0264605414122 0.0572095513344 0.148107051849
1595942749832977056    0.189370816923 0.652007588002 0.0343183399777 -0.0143825052008 -0.000528846809452 -0.0947823855749 0.995393973887 0.0311628524214 0.0636195838451 0.14926289022
1595942749857937097    -0.0538840681556 0.152988716304 0.0774674478543 -0.0143781396463 0.00263642475437 0.231602639762 0.97270064029 0.0246611032635 0.0361841656268 0.105216309428
1595942749884866952    -0.0709933233992 0.154958665338 0.0749820816209 -0.0133302321381 0.00734235404237 0.258530599522 0.96588318334 0.0176199469715 0.0402419231832 0.103105545044
1595942749908298015    0.191785812847 0.649550673527 0.033424819768 -0.0149380861059 0.0011886185282 -0.148982889993 0.988726220578 0.0232455637306 0.0578017123044 0.150311127305
1595942749932993888    0.187906473708 0.655410327984 0.0327772741305 -0.0149194332793 0.00227855614998 -0.0445064639748 0.998895086261 0.0315731018782 0.0635360330343 0.149607166648
1595942749957771062    0.187970841765 0.651670190752 0.0332925895355 -0.0143259086171 -0.00107461717978 -0.134823227273 0.990765517632 0.0281915757805 0.0636317059398 0.150024831295
1595942749984918117    0.190703390159 0.652025600792 0.0379572783435 -0.0143867459285 0.000667617066239 -0.135305860344 0.990699197529 0.0253980718553 0.0597411990166 0.149590715766
1595942750007690906    0.190384647132 0.658501501069 0.0349331747358 -0.0146715819195 0.00183108696259 0.00413636688751 0.999882134191 0.0258473567665 0.0629524961114 0.149938479066
1595942750022875070    0.190188665459 0.658900745766 0.0294093534739 -0.00742705654956 0.00128995920902 0.00959392653498 0.999925562935 0.0261405333877 0.0631489306688 0.140053614974
1595942750032867908    0.18392519994 0.648772464206 0.0343252157786 -0.0146761502485 -0.000501760998229 -0.221143671816 0.975130675994 0.0355121977627 0.0636910200119 0.149650797248
1595942750057738065    0.189947111654 0.65545698307 0.0329670616266 -0.0149781468203 0.00166985699974 -0.0599900637099 0.998085196239 0.0257839914411 0.0632575005293 0.148456409574
1595942750082743883    0.188671164001 0.652640087161 0.0332399783203 -0.014527979205 -0.000178149431599 -0.117085154368 0.993015595401 0.0299773514271 0.0645040273666 0.149118676782
1595942750107897996    0.190870439987 0.655442248576 0.036452914523 -0.0148484806243 0.000721718605314 -0.0670076545195 0.997641707218 0.0269187558442 0.0605897046626 0.148311957717
1595942750132854938    0.190875907849 0.654239867656 0.0343790785609 -0.0148187346463 0.00115989257422 -0.0776638698525 0.996868789296 0.0256289765239 0.0628756210208 0.147923752666
1595942750157691001    0.191535897326 0.651466887024 0.0334771265037 -0.0154434804792 0.00072290667847 -0.0934560917363 0.995503357721 0.0255336184055 0.0602776110172 0.147357404232
1595942750182864904    0.187393444641 0.654223548291 0.0374087258935 -0.0153150358255 0.00232304048337 -0.0451134048785 0.998861769146 0.0329025760293 0.0639048889279 0.159035101533
1595942750207928895    0.191544585604 0.654465549373 0.0381210094242 -0.0157485461648 0.00339153152355 -0.0508843942619 0.998574613751 0.0254586692899 0.062699355185 0.152465507388
1595942750232851982    0.190484930715 0.654946992981 0.0312666647027 -0.015868202586 0.00348491877188 -0.0446907203712 0.998868757646 0.0288095511496 0.0651448369026 0.146291553974
1595942750258121013    0.191158101489 0.655626751456 0.0341517472321 -0.0153093640225 0.00358251664889 -0.0108372437091 0.999817654923 0.0254973359406 0.0656088069081 0.145460963249
1595942750282713890    0.191918333268 0.650444721787 0.0355532508649 -0.015507012761 -0.000656273914091 -0.160477164369 0.986917515082 0.0301179215312 0.064222894609 0.148247346282
1595942750307590961    0.193654561305 0.654938370304 0.0350933719459 -0.0152426889809 0.00351388746486 -0.00507585186591 0.999864765233 0.0305678416044 0.0633601024747 0.150062114
1595942750332844972    0.195639744267 0.654991594695 0.0371206846401 -0.0152189079861 0.0031296069677 0.0222656943064 0.999631346676 0.0358598083258 0.0656643658876 0.155742108822
1595942750357790946    0.194054399383 0.652704900702 0.0322648128225 -0.0157683995125 3.86836589044e-05 -0.0864181564902 0.996134156783 0.0265385564417 0.0620049461722 0.148249015212
1595942750385643005    0.197833497462 0.656466392431 0.0346288777472 -0.0155166255849 0.00341218272087 0.00819568616965 0.999840198266 0.0331992767751 0.063674993813 0.150252789259
1595942750407923936    0.195675224202 0.650625633851 0.0296513441671 -0.0154651243276 0.000792675513097 -0.114219525778 0.993334838575 0.0247031189501 0.0589296035469 0.136427566409
1595942750432670116    0.196266632863 0.654940286633 0.0319863316663 -0.0157368454425 0.00316461868863 0.0396733591109 0.999083760983 0.0343527495861 0.0615378767252 0.139035031199
1595942750457709074    0.195089740172 0.650637273993 0.0352866868944 -0.0158411425468 -0.000151503894008 -0.139908461365 0.990037705185 0.0263476185501 0.0571157597005 0.150032773614
1595942750482872962    0.196018610803 0.659553835638 0.0333896581129 -0.0152837707869 0.00258040855044 0.0837435918117 0.99636677919 0.0308946613222 0.065269254148 0.151195213199
1595942750507822036    0.195458430199 0.656838912838 0.0384215161443 -0.0153069566001 0.00298734726009 0.0262268397872 0.999534354442 0.0304192584008 0.0608384907246 0.156359881163
1595942750523893117    0.195416999227 0.656294453349 0.0310303745916 -0.00762342499847 0.000623953059946 0.0252038105833 0.999653070823 0.0309422221035 0.0603000894189 0.140360757709
1595942750532847881    0.197551518196 0.651356044452 0.0299369956438 -0.0159125325236 0.00254714304243 -0.0843114168279 0.996309132932 0.0264942962676 0.0614696629345 0.139226332307
1595942750557862997    0.194274526216 0.657429086981 0.0286151155229 -0.015279730793 0.00416029551999 0.0567624600423 0.998262112322 0.0271347016096 0.0633209049702 0.138241365552
1595942750583074092    0.196461439612 0.657029580301 0.0332774105246 -0.0150998908768 0.00512507440009 0.0767985700758 0.996919107321 0.0287730023265 0.0636271312833 0.143150061369
1595942750607995033    0.194665149055 0.659901176743 0.0145446747996 -0.0151602638449 0.00469860039864 0.0632882672948 0.997869071961 0.0298686772585 0.064664401114 0.112344130874
1595942750632832050    0.197056396003 0.654677845147 0.0161046732304 -0.0155656564854 0.00365259894983 -0.0180844698991 0.999708617952 0.0300665628165 0.0615869686007 0.113914147019
1595942750657699108    0.198196672455 0.652101493588 0.0242085346995 -0.0156707780279 0.00228818041974 -0.0647090995953 0.997778494144 0.0309763606638 0.0621904619038 0.12521931529
1595942750682653903    0.197454054395 0.658212935141 0.0236064139574 -0.0154925838558 0.00311822264954 -0.0138709331501 0.999778902431 0.0357468798757 0.0633638054132 0.126926228404
1595942750708112955    0.195734762912 0.663971532915 0.0168620913873 -0.0151659539526 0.00422461433566 0.0360684659747 0.999225306043 0.0262938030064 0.0647190958261 0.118283174932
1595942750733035087    0.197008802284 0.662548585722 0.0189489244634 -0.0151540085013 0.00456388100924 0.0274363916273 0.999498259844 0.0280805174261 0.0628671348095 0.123196318746
1595942750757924079    0.199718518992 0.662384430641 0.0261191824046 -0.0154045788634 0.00283510679941 -0.0163826441022 0.999743102048 0.0333867892623 0.064348615706 0.124128289521
1595942750785453081    0.194284098058 0.664764860872 0.0220216192506 -0.0149768994131 0.00426187236185 0.0324323429911 0.999352626482 0.0219076517969 0.0595098398626 0.119371771812
1595942750807962894    0.193818800103 0.662762507483 0.0235338823303 -0.0158531302 0.00247331373984 -0.027184030969 0.999501670555 0.0257907025516 0.0617447532713 0.124709703028
1595942750832706928    0.196213610783 0.667355588437 0.028504053447 -0.0150346506699 0.00331712179183 0.0200404272538 0.999680617626 0.0248672496527 0.0623408257961 0.130722343922
1595942750857753038    0.195566619432 0.671824228544 0.0270681939328 -0.0151367523357 0.00537432322083 0.0549406401738 0.998360416601 0.0316018462181 0.0646250322461 0.134931832552
1595942750882628917    0.191881273424 0.67147671523 0.0309810515733 -0.0152501583937 0.00323387170425 0.0464686033268 0.998798099541 0.0255929529667 0.0608568899333 0.1320284307
1595942750907824039    0.18834188985 0.671663423273 0.0289254710812 -0.0145839354804 0.00555695375398 0.0681437676483 0.997553435171 0.0262650493532 0.063043050468 0.13305221498
1595942750932630062    0.190121102311 0.665895466378 0.0261763745277 -0.0152157847287 0.00380027977939 -0.0384574320326 0.999137159598 0.0241182502359 0.0622153542936 0.127182513475
1595942750957875013    0.189743688886 0.664639875122 0.0263216490096 -0.0153729608837 0.00307118174271 -0.0876419022921 0.996028682759 0.0249356459826 0.0618433728814 0.128411501646
1595942750982678890    0.190474035305 0.668199826164 0.0320515066421 -0.0146421832805 0.00326523365494 -0.010642403966 0.999830827668 0.0246451236308 0.0584013052285 0.146118760109
1595942751007946014    0.188050946506 0.662820006815 0.0352122442318 -0.0152964118278 0.00103661856982 -0.17501193833 0.9844469344 0.0273021310568 0.0628409162164 0.149511635303
1595942751023010969    0.18847626991 0.66186306906 0.0294538278102 -0.00749484941117 -0.000958842064336 -0.181863045193 0.983294839124 0.0264317207038 0.061780102551 0.138137891889
1595942751032660961    0.188295923135 0.664526698681 0.0349025902442 -0.0154296520634 0.00215040507656 -0.11525694139 0.993213541519 0.0262936316431 0.0619693361223 0.154582291842
1595942751057941913    0.191022553155 0.670154990981 0.0474368525511 -0.0151076744161 0.00384307787044 -0.0152372318011 0.999762379615 0.0327838137746 0.0649144575 0.179163664579
1595942751082951068    0.191776486275 0.671473834416 0.0347004522301 -0.0151218551281 0.00381902519678 0.0425921101518 0.998970798721 0.0318081788719 0.0659329742193 0.14380864799
1595942751107964038    0.26509194829 0.521778478512 0.151941553218 -0.0147992618746 0.00360525118334 0.0776098113038 0.996867444148 0.0342054404318 0.0443670526147 0.167090043426
1595942751132750034    0.264147300814 0.540736065183 0.135755817949 -0.0289033583138 -0.00188247303684 -0.170042716544 0.98501092721 0.0404058620334 0.0598467588425 0.150299102068
1595942751157942056    0.261169982635 0.524250635786 0.144588043139 -0.0148179175953 0.00426577788812 0.169700890887 0.985374974357 0.0426948145032 0.0542919449508 0.162238225341
1595942751185425996    0.261509731176 0.53043293335 0.121245204955 -0.0154156587158 -7.33292535212e-05 -0.0906815495184 0.995760618154 0.0373216569424 0.0552880652249 0.126061677933
1595942751207921028    0.270236037687 0.5400882711 0.147219815869 -0.0155533183849 -4.97079298053e-06 -0.204971308499 0.9786443976 0.0464322343469 0.0664032623172 0.175524055958
1595942751232832908    0.268967068689 0.553925535053 0.127050242343 0.00257509905563 0.0223622687709 -0.15380477334 0.987844820555 0.05721148476 0.101326808333 0.147681474686
1595942751258150100    0.194970607478 0.664788827154 0.140306122708 -0.0331402631483 -0.00129548813215 -0.219558983113 0.975035331464 0.017240613699 0.0552669130266 0.143300637603
1595942751282716989    0.195271432725 0.662050849975 0.13707796766 -0.015607439973 -0.00131098215074 -0.26486005821 0.964159654159 0.0313623808324 0.0588966347277 0.148252919316
1595942751308141946    0.202361920406 0.668017252608 0.140275480369 -0.0159978116912 0.000900644300445 -0.102701769371 0.994583131482 0.0278650578111 0.0516120903194 0.148863017559
1595942751333133935    0.201263046835 0.66579548513 0.135749422033 -0.0155441979029 0.000236152348864 -0.112692398937 0.993508301609 0.0239950511605 0.0555235147476 0.146205693483
1595942751357923984    0.195132310738 0.661187632734 0.135250945529 -0.0156979833187 -0.000934178155042 -0.279321951876 0.960068720369 0.0257159117609 0.0583870448172 0.147997438908
1595942751382936000    0.202140677594 0.664505171123 0.130026659974 -0.0153431726334 -0.00159063879886 -0.235395118022 0.971777338351 0.0180109199136 0.0536079742014 0.145935624838
1595942751408240079    0.256990474403 0.549331619109 0.116426094189 -0.0151083844005 0.000438478854265 -0.0851434377271 0.996254053678 0.0591185688972 0.0942240357399 0.15930634737
1595942751433063030    0.249828677269 0.554375454065 0.141722558816 -0.0153605238382 -5.98852597377e-05 -0.0547943960652 0.998379499429 0.0601848401129 0.0893895998597 0.167464837432
1595942751458054065    0.252601021346 0.558450408844 0.135753078751 -0.015600841436 0.000222811379238 -0.192993283749 0.98107601975 0.050715059042 0.0940663591027 0.175926506519
1595942751482985019    0.193793283096 0.675882978257 0.128165676912 -0.0319017221309 0.000493459973321 -0.0964697500108 0.994824418656 0.0348429679871 0.0593791082501 0.140103846788
1595942751508151054    0.193220389955 0.670902703108 0.120432922924 0.00567178830833 0.0222737891144 -0.11162449312 0.99348461572 0.032363999635 0.0587013140321 0.124752186239
1595942751533452033    0.192998335324 0.676699640472 0.119514920337 0.00246067263826 0.0211989197933 -0.121232137868 0.992394739828 0.0271856933832 0.0626030936837 0.126747474074
1595942751534797906    0.191135367136 0.672406995078 0.127695727921 -0.00737031559474 -0.000998415666626 -0.112451556822 0.993629372041 0.0322286561131 0.058708794415 0.138972982764
1595942751561433076    0.195744714596 0.679302702234 0.125884974879 -0.0369067723632 -0.00140405992218 -0.251080008015 0.967261468448 0.0327160507441 0.0553612597287 0.142281129956
1595942751582907915    0.200165571516 0.686964117555 0.126725428463 -0.0369366794829 0.00553531241106 -0.0708430973709 0.996787990287 0.045477386564 0.0616518333554 0.144495382905
1595942751608158111    0.184606435871 0.682093277151 0.137783047808 -0.0149852830327 -0.0017495383671 -0.306713168033 0.951682411818 0.0335861295462 0.0684357136488 0.159479498863
1595942751635725975    0.254617435403 0.594703600891 0.132247355315 -0.0148452004719 -0.00146944972035 -0.244132913145 0.969627032142 0.0562593303621 0.0956009477377 0.171353340149
1595942751658118963    0.250862897424 0.603032438324 0.134411423905 -0.0148314276129 -0.000496529780343 -0.164715038847 0.986229556539 0.0608035810292 0.113639205694 0.168487966061
1595942751682837009    0.255278782208 0.601831802978 0.130185899385 -0.0151009769465 0.000350836129699 -0.201520474501 0.979367824551 0.0533042363822 0.11552708596 0.168718233705
1595942751707871913    0.253612813986 0.598805075477 0.130846837779 -0.0153073109213 0.00121982477344 -0.204855727302 0.978671716794 0.0544154010713 0.107974454761 0.171998724341
1595942751733016967    0.25455377781 0.598658654445 0.139420248531 -0.0148875353236 -0.00113975085743 -0.190346874277 0.981603346425 0.0550690852106 0.103746429086 0.170236542821
1595942751758125066    0.251664293091 0.600031508602 0.123346478834 -0.0148147618321 -0.00045219163166 -0.139745807613 0.990076475637 0.0537979863584 0.109046556056 0.169616624713
1595942751783006906    0.253321881433 0.594055386215 0.138126671479 -0.0146202498905 -0.00229286528235 -0.260571448823 0.965341137174 0.046767514199 0.100607395172 0.172156602144
1595942751808038949    0.256928932466 0.606605827665 0.146875540706 -0.0151140338546 0.000701547778201 -0.149938413184 0.988579559804 0.0460492298007 0.112404957414 0.175258845091
1595942751833157062    0.192911826566 0.684761607574 0.142114519109 -0.0149400903196 0.0013181341371 -0.179947604609 0.983561851547 0.0205552410334 0.0540536865592 0.155992612243
1595942751857928037    0.198057539716 0.68227074824 0.12110692215 0.000301899133219 0.0173766028691 -0.141526332794 0.989781925303 0.0370560325682 0.0579013600945 0.132399857044
1595942751884015083    0.235294305852 0.661373351371 0.113441983009 -0.045127436522 0.0160137228002 0.0803539801511 0.995615544791 0.0985094308853 0.180654510856 0.154928430915
1595942751908109903    0.236279088464 0.659174557839 0.113789987287 0.00704253049992 0.017313727466 0.105241502061 0.994271021326 0.103289626539 0.181344971061 0.147740676999
1595942751932951927    0.238572233716 0.659341754656 0.110869509359 -0.0459988483571 0.018662793475 0.120463813281 0.991475806956 0.0970577895641 0.168942481279 0.154324129224
1595942751958112955    0.231934720543 0.660528970127 0.108206212165 0.00463943995815 0.0171804150315 0.0410647991717 0.998997993594 0.082797460258 0.184478074312 0.145682662725
1595942751982944965    0.228542664733 0.659628002584 0.108303388158 0.00560625212073 0.0176116857926 0.0878557856159 0.995961725868 0.0848689973354 0.171569630504 0.146582320333
1595942752008316040    0.225145108875 0.656250886317 0.114852778629 0.00510128344049 0.0171833901666 0.0927859132061 0.995524727126 0.0811139345169 0.162602335215 0.142997816205
1595942752032011985    0.2238448697 0.657440338186 0.115621170863 -0.0073268267743 0.00124987663666 0.0924169232513 0.995692657257 0.0813944041729 0.161614403129 0.148114964366
1595942752032983064    0.224301178724 0.660084468722 0.112169297206 -0.0448493139732 0.0141729700535 0.0885972663344 0.994956376106 0.0815840661526 0.159553945065 0.154797017574
1595942752058079957    0.227749935065 0.649979431047 0.103730625211 -0.0449179098944 0.016027277876 0.105427081833 0.993282758408 0.0806662142277 0.137745201588 0.155120193958
1595942752083153009    0.182681371343 0.682373070239 0.125684810729 -0.0155238199589 0.000999358084935 -0.196927808163 0.980294573416 0.0281405579299 0.0631984472275 0.13514238596
1595942752108285903    0.209436720421 0.666655209397 0.0385487528849 -0.0127369476542 0.00834241852525 0.359457094106 0.933037390309 0.0952498167753 0.159341156483 0.150724023581
1595942752135999917    0.202041274331 0.663646556644 0.0383926382548 -0.0132677600348 0.00713854205667 0.326378996178 0.94511891242 0.0733078047633 0.150010943413 0.148067235947
1595942752158020973    0.204431395792 0.664026491996 0.0350465685125 -0.0131473615556 0.007493272405 0.318925140495 0.947659090872 0.0804581493139 0.150041118264 0.147642806172
1595942752183084964    0.18982523087 0.67961259124 0.13025419601 -0.0152927797759 0.000569643130713 -0.184790830613 0.98265871762 0.0400226339698 0.0562892667949 0.141746506095
1595942752208069086    0.214864179005 0.664505739685 0.0431216674418 0.00997446235292 0.015193717413 0.309285362304 0.950795575146 0.100425265729 0.160396054387 0.142924770713
1595942752235851049    0.22267959486 0.662754669652 0.100004244692 -0.0475865837833 0.0211487328107 0.142901938229 0.988365966732 0.0804792717099 0.156477823853 0.142741709948
1595942752257910966    0.214797274788 0.666091837784 0.10236638969 0.0109112668595 0.0166274425637 0.0974993709309 0.99503685614 0.0828886777163 0.163940414786 0.141088411212
1595942752283029079    0.22115893184 0.661018767936 0.0456869032709 0.0143959369787 0.0154488685442 0.241124891012 0.970264333259 0.10908703506 0.160842061043 0.13992600143
1595942752308043003    0.222007722283 0.663426959015 0.0841227297646 -0.0476529744227 0.022787827614 0.161338515428 0.985484547003 0.093493245542 0.159679636359 0.141985714436
1595942752332982063    0.215847731807 0.667502023074 0.0809706048446 -0.049843347038 0.0221145611698 0.125607687834 0.990580282308 0.085596807301 0.161652430892 0.138942092657
1595942752358148097    0.217258285917 0.667985176939 0.09342257808 0.0139616187758 0.0168019839724 0.12850343953 0.991468422374 0.0861548483372 0.165132492781 0.13903541863
1595942752383013010    0.217923127539 0.661943476399 0.0869192669673 0.0136607615716 0.0160668853408 0.135934619084 0.990493320585 0.0899270474911 0.1555621773 0.139867872
1595942752408093929    0.188405041879 0.69431859628 0.0975265123287 -0.0525031909917 0.0195984055645 0.0458432574046 0.997375412363 0.0273695364594 0.0582048110664 0.134526565671
1595942752432910919    0.218557634126 0.671096865818 0.0736775189285 0.0151576056699 0.018660187862 0.0401248584433 0.998905421006 0.0692094564438 0.154202565551 0.132066875696
1595942752458214998    0.220455059471 0.682126912973 0.0425534061438 -0.0548895805908 0.0290349181201 0.165066669363 0.984325709376 0.0923126190901 0.150633499026 0.141361564398
1595942752482714891    0.217087459424 0.691491818606 0.0742627837534 -0.0591648560623 0.0273662796893 0.0861432613182 0.994147848699 0.0806936770678 0.148079872131 0.142717599869
1595942752508044958    0.220051411473 0.702455213473 0.0886242989581 0.0112464733361 0.0146047560448 0.0397091579012 0.999041240749 0.0724798440933 0.156579837203 0.134374663234
1595942752525829076    0.21852283265 0.703728942201 0.0919141660323 -0.00752332693107 0.00113264878068 0.0412632117725 0.999119344229 0.0727320238948 0.157672449946 0.138626918197
1595942752533222913    0.21582749979 0.70099092802 0.0419912332603 -0.0617615749338 0.0295694577642 0.0869446695115 0.993857021645 0.0803203210235 0.152176827192 0.140046477318
1595942752557924032    0.219980929883 0.699473274838 0.0409597730817 -0.0597382395868 0.0296592694062 0.105041164051 0.992228816516 0.0775064602494 0.148900955915 0.141819298267
1595942752582941055    0.216316205327 0.705705599548 0.0458257966563 0.0111547415172 0.0145586701362 0.0355225872826 0.999200561778 0.0775800272822 0.149202898145 0.138452187181
1595942752607966899    0.218665647724 0.699477939373 0.0437505490527 -0.0617280532236 0.0318721780541 0.13150721973 0.988877981791 0.0832097381353 0.103752821684 0.144497647882
1595942752633261919    0.218791944656 0.719877787985 0.0419109982666 -0.0664429948459 0.0168419521135 -0.0573677605866 0.995997297752 0.0759058445692 0.128390550613 0.14478546381
1595942752657991886    0.226380797538 0.725917148629 0.0443470854804 0.00659556884093 0.0144726037726 -0.171171679376 0.98511283536 0.0848477259278 0.132866635919 0.138063415885
1595942752682825088    0.220901278517 0.715522062762 0.0378820863713 -0.0700025598622 0.00311744251238 -0.301709855402 0.950821269387 0.0996201857924 0.110070705414 0.137116998434
1595942752707828044    0.226224954597 0.72750032138 0.0364277763019 -0.0699321275051 0.00923568928872 -0.223956589175 0.972043026698 0.0889494940639 0.126890853047 0.136358559132
1595942752733103036    0.227103480864 0.731196582492 0.0381713899293 0.0059357908151 0.0148941913579 -0.17831848114 0.983842186906 0.0820590928197 0.13743083179 0.128198117018
1595942752757807016    0.220471546431 0.728983287281 0.0369237458511 -0.0672951541686 0.0149637586239 -0.137837773956 0.988052729476 0.0882707461715 0.117700330913 0.140046283603
1595942752785938978    0.221418125603 0.725607532924 0.0403366031371 0.00620592015275 0.0142925601661 -0.155140867187 0.987769467339 0.0906441956758 0.12527577579 0.129230052233
1595942752808140039    0.225561633332 0.721848440636 0.0406783490791 -0.0680833835382 0.0106589222664 -0.209019838057 0.97548026508 0.0872547924519 0.122108243406 0.141502246261
1595942752832676887    0.232839925241 0.729922221696 0.0493409960806 -0.089032378123 0.00850494070617 -0.220401949012 0.971300099094 0.0785447284579 0.125868886709 0.140161052346
1595942752858067035    0.221100078377 0.717174816241 0.0392699840114 0.00580077290655 0.0146026366294 -0.215480718555 0.97638167433 0.0893554911017 0.115595445037 0.129619568586
1595942752883219003    0.217311322299 0.727045076784 0.0400964107811 -0.067319097102 0.0195543691746 -0.0319787347045 0.997027144233 0.0766135454178 0.122914560139 0.140794977546
1595942752908055067    0.213678465745 0.710988496761 0.0388846311944 0.00985214623466 0.0118921356157 0.105092938022 0.99434248964 0.0649175345898 0.0970664322376 0.127381950617
1595942752932830095    0.207650054221 0.709483100645 0.040480398115 -0.0545313912484 0.0257457434912 0.25414494256 0.965284327145 0.0603033192456 0.101452142 0.141979947686
1595942752957756996    0.208867779486 0.726388799168 0.0779605389027 -0.213601498823 0.0542527730484 0.301105455267 0.927775048773 0.0494441203773 0.0958970338106 0.0661963149905
1595942752983033895    0.213222745722 0.703859347182 0.0376196773239 0.00993082791741 0.0110542147473 0.119938568121 0.992670097701 0.0624458827078 0.0808834284544 0.125765040517
1595942753008058071    0.214724042777 0.703709113308 0.0401286961466 -0.0560050923017 0.0209154872043 0.164372683395 0.984584985151 0.0591637343168 0.0927330106497 0.140179306269
1595942753028563022    0.215155961125 0.703770063086 0.0414650297705 -0.00722517750498 0.00225405286471 0.148000932683 0.988958259979 0.0600189641118 0.0873265862465 0.143439933658
1595942753035116910    0.212948720525 0.705995326003 0.0395360124762 -0.0553139891155 0.0243081364503 0.214052219263 0.97495185755 0.0577625855803 0.0999690964818 0.140522807837
1595942753058152914    0.21078222093 0.706177524795 0.0394823529065 -0.0544069929375 0.0235353309303 0.229350078087 0.971537188686 0.0586259923875 0.0899896323681 0.141946360469
1595942753083034038    0.210771543689 0.710121860617 0.0395941294992 -0.0572683726406 0.0227290476156 0.187759866051 0.98028054994 0.0627202987671 0.0941793099046 0.139154955745
1595942753107774019    0.209874429908 0.711465064316 0.042268145865 -0.0560485894766 0.0272142991278 0.253955184946 0.965207077046 0.0597269423306 0.0927101969719 0.138791829348
1595942753132916927    0.206709070447 0.708710830328 0.0380985283159 0.00651409705082 0.0105801160764 0.141722982436 0.98982838105 0.0624249614775 0.0894303321838 0.131658256054
1595942753158009052    0.205864821261 0.709632469789 0.0420827503863 -0.0592393105036 0.0180269509814 0.105255918135 0.992515453193 0.0631450489163 0.0886384323239 0.137297749519
1595942753182967901    0.20653643589 0.708756170025 0.0372497193431 0.0039267505331 0.0103953017173 0.0951965219713 0.995396474043 0.0502849556506 0.0866783112288 0.129958450794
1595942753208087921    0.20061636933 0.708396726285 0.0415257370226 -0.0559953584371 0.0244097279476 0.23710030197 0.969562856044 0.0544085800648 0.0920419618487 0.136086240411
1595942753232971906    0.201138859612 0.698212458098 0.0451624355034 -0.0551145575018 0.0223121140077 0.219549376734 0.973787772718 0.0589285977185 0.0996827632189 0.136353716254
1595942753257930994    0.208663974795 0.682089408806 0.0436986976884 -0.0530778220276 0.0198033972366 0.207676221333 0.976555762545 0.0521219670773 0.105696767569 0.134351208806
1595942753282819032    0.210390157534 0.665656495911 0.0424569513174 -0.0488260397302 0.0196425850124 0.247026238528 0.967578536439 0.0560205727816 0.114448405802 0.143365159631
1595942753308161973    0.211669815008 0.662465247569 0.0414804599275 -0.0495517904947 0.0191906266908 0.224787505389 0.972957818884 0.0576631240547 0.113832995296 0.139047712088
1595942753333240985    0.215276024836 0.653813183455 0.0405661635135 -0.0483095335597 0.0195774818816 0.245724752324 0.967937114314 0.0560614056885 0.124002359807 0.138596892357
1595942753358191967    0.217798497412 0.646657638305 0.0367066236906 -0.0147184367054 0.00500663888409 0.233339377068 0.972271071408 0.058863684535 0.123432204127 0.146451324224
1595942753382873058    0.219887914675 0.642957884989 0.0303546127431 -0.0157382145015 0.00262779933371 0.188728471042 0.981899672825 0.0594991222024 0.12556129694 0.135811418295
1595942753408118963    0.22127874905 0.641862444085 0.0248942016664 -0.0154362361699 0.00163101851372 0.158360817415 0.987259294157 0.0557620376348 0.122768476605 0.126224070787
1595942753432804107    0.22043297873 0.651760977707 0.0319753096038 -0.0151040066856 -0.000537759349743 -0.00587749727878 0.999868508766 0.0541213080287 0.105087623 0.138253197074
1595942753458107948    0.218487433547 0.662532298656 0.0344704678591 -0.0150169553946 -0.00193872995059 -0.0626403086345 0.997921301562 0.0387544333935 0.0819616019726 0.134259149432
1595942753482939004    0.211909607975 0.668573983835 0.0538673456886 -0.0146948588863 -4.94961796301e-05 -0.0666440043279 0.997668599967 0.039768114686 0.0790553167462 0.12948808074
1595942753507731914    0.218336258421 0.673124292894 0.071862319671 -0.0145396288136 -0.00205079660495 -0.125988125818 0.991923074427 0.0305154398084 0.0634123384953 0.142661616206
1595942753523837089    0.218696384862 0.673508750532 0.0726877255404 -0.00748160059665 -0.000516701890169 -0.118268143066 0.992953375042 0.0306014046073 0.0643605664372 0.143733814359
1595942753532735109    0.220352627749 0.677588777482 0.0828476223552 -0.0147971773538 -0.000545318360099 -0.128713452969 0.991571274894 0.029798367992 0.0653693675995 0.146655321121
1595942753557547092    0.223957734345 0.684277143017 0.0929935800723 -0.0146330945221 -6.29720804421e-05 -0.0748515927922 0.997087311942 0.0296978987753 0.0651749968529 0.150485649705
1595942753582566022    0.238771059635 0.68556816833 0.111986026272 -0.0149638803525 0.00133109652694 -0.103941897785 0.994469905202 0.0229658558965 0.0601006597281 0.156597703695
1595942753607686996    0.244110952146 0.689527364255 0.122193212635 -0.0149486305022 0.00267305744474 -0.107378164512 0.994102269888 0.0244625527412 0.0613902918994 0.157059267163
1595942753632509946    0.263655811369 0.688813994749 0.146362302224 -0.015406073576 0.00467331590404 -0.137141341611 0.990420650752 0.0344517640769 0.058091506362 0.162795960903
1595942753657495975    0.257500087823 0.686596660585 0.131795844433 -0.0153376155739 0.00368744648771 -0.196518098242 0.980373294899 0.0267005953938 0.0583153218031 0.157257407904
1595942753682427883    0.264769166657 0.674104820936 0.147708645075 -0.0115034756657 0.0114760039041 0.283338889886 0.958882185078 0.0112189752981 0.0347966104746 0.16105954349
1595942753794301033    0.239944924701 0.70465186333 0.149727193422 -0.0125116133495 0.00694354608563 0.0334586425972 0.999337663623 0.00842004083097 0.0366145670414 0.153525725007
1595942753794439077    0.239944924701 0.70465186333 0.149727193422 -0.0125116133495 0.00694354608563 0.0334586425972 0.999337663623 0.00842004083097 0.0366145670414 0.153525725007
